0.2000,0.0093,0.0034,0.0005,0.0000,0.0069,-10.71,20.36,0.03,0.00,40.71
0.3000,0.0094,0.0034,0.0005,0.0000,0.0069,-19.70,19.99,0.03,0.00,39.97
0.4000,0.0094,0.0034,0.0005,0.0000,0.0069,-28.94,19.98,0.03,0.00,39.97
0.5000,0.0093,0.0034,0.0005,0.0000,0.0068,-38.22,20.22,0.03,0.00,40.44
0.6000,0.0090,0.0034,0.0005,0.0000,0.0068,-47.58,20.70,0.03,0.00,41.40
0.7000,0.0086,0.0034,0.0005,0.0000,0.0069,-57.41,21.70,0.03,0.00,43.40
0.8000,0.0081,0.0034,0.0006,0.0000,0.0069,-67.02,22.90,0.03,0.00,45.80
0.9000,0.0075,0.0034,0.0006,0.0000,0.0069,-77.43,24.44,0.03,0.00,48.87
1.0000,0.0070,0.0034,0.0006,0.0000,0.0069,-88.37,26.19,0.03,0.00,52.38
1.1000,0.0065,0.0034,0.0006,0.0000,0.0069,-101.71,27.97,0.03,0.00,55.95
1.2000,0.0063,0.0034,0.0006,0.0000,0.0069,-114.49,28.72,0.03,0.00,57.44
1.3000,0.0066,0.0034,0.0006,0.0000,0.0069,-127.62,27.62,0.03,0.00,55.24
1.4000,0.0070,0.0034,0.0006,0.0000,0.0069,-139.30,26.16,0.03,0.00,52.33
1.5000,0.0068,0.0034,0.0006,0.0000,0.0069,-149.69,27.05,0.03,0.00,54.10
1.6000,0.0061,0.0034,0.0006,0.0000,0.0069,-162.00,29.62,0.03,0.00,59.25
1.7000,0.0053,0.0034,0.0006,0.0000,0.0069,-175.94,33.70,0.03,0.00,67.40
1.8000,0.0045,0.0034,0.0006,0.0000,0.0069,166.50,38.11,0.03,0.00,76.22
1.9000,0.0039,0.0034,0.0006,0.0000,0.0069,146.17,42.82,0.03,0.00,85.65
2.0000,0.0035,0.0034,0.0006,0.0000,0.0069,122.74,46.21,0.03,0.00,92.41
2.1000,0.0034,0.0034,0.0006,0.0000,0.0070,97.61,47.49,0.03,0.00,94.99
2.2000,0.0035,0.0034,0.0006,0.0000,0.0070,74.22,45.87,0.03,0.00,91.73
2.3000,0.0038,0.0034,0.0006,0.0000,0.0070,52.85,43.42,0.04,0.00,86.84
2.4000,0.0042,0.0034,0.0006,0.0000,0.0070,34.17,40.11,0.04,0.00,80.21
2.5000,0.0047,0.0034,0.0006,0.0000,0.0070,17.96,37.19,0.04,0.00,74.38
2.6000,0.0052,0.0034,0.0006,0.0000,0.0070,3.24,33.89,0.04,0.00,67.78
2.7000,0.0060,0.0034,0.0006,0.0000,0.0070,-9.51,30.26,0.04,0.00,60.52
2.8000,0.0069,0.0034,0.0006,0.0000,0.0070,-21.22,26.89,0.04,0.00,53.77
2.9000,0.0079,0.0035,0.0006,0.0000,0.0070,-32.21,23.72,0.04,0.00,47.45
3.0000,0.0090,0.0035,0.0006,0.0000,0.0070,-42.39,20.91,0.04,0.00,41.82
3.1000,0.0101,0.0035,0.0006,0.0000,0.0070,-52.45,18.78,0.04,0.00,37.56
3.2000,0.0112,0.0035,0.0007,0.0000,0.0070,-62.85,17.05,0.04,0.00,34.10
3.3000,0.0123,0.0035,0.0007,0.0000,0.0071,-72.85,15.66,0.04,0.00,31.31
3.4000,0.0132,0.0035,0.0007,0.0000,0.0071,-83.06,14.55,0.04,0.00,29.10
3.5000,0.0142,0.0035,0.0007,0.0000,0.0071,-93.08,13.61,0.04,0.00,27.22
3.6000,0.0150,0.0035,0.0007,0.0000,0.0071,-103.17,12.91,0.04,0.00,25.81
3.7000,0.0157,0.0035,0.0007,0.0000,0.0071,-112.88,12.33,0.04,0.00,24.65
3.8000,0.0163,0.0035,0.0007,0.0000,0.0071,-122.44,11.90,0.04,0.00,23.80
3.9000,0.0168,0.0035,0.0007,0.0000,0.0071,-131.49,11.58,0.04,0.00,23.16
4.0000,0.0172,0.0035,0.0007,0.0000,0.0071,-140.52,11.33,0.04,0.00,22.66
4.1000,0.0175,0.0035,0.0007,0.0000,0.0071,-149.28,11.15,0.04,0.00,22.30
4.2000,0.0177,0.0035,0.0007,0.0000,0.0071,-157.80,11.02,0.04,0.00,22.04
4.3000,0.0179,0.0035,0.0007,0.0000,0.0071,-166.45,10.89,0.04,0.00,21.79
4.4000,0.0181,0.0035,0.0007,0.0000,0.0071,-175.12,10.77,0.04,0.00,21.55
4.5000,0.0183,0.0035,0.0007,0.0000,0.0071,175.96,10.68,0.04,0.00,21.35
4.6000,0.0185,0.0035,0.0007,0.0000,0.0072,167.05,10.58,0.04,0.00,21.17
4.7000,0.0186,0.0035,0.0007,0.0000,0.0072,157.94,10.54,0.04,0.00,21.08
4.8000,0.0185,0.0035,0.0007,0.0000,0.0072,148.64,10.55,0.04,0.00,21.10
4.9000,0.0183,0.0035,0.0007,0.0000,0.0072,139.04,10.69,0.04,0.00,21.38
5.0000,0.0179,0.0035,0.0007,0.0000,0.0072,129.34,10.96,0.04,0.00,21.93
5.1000,0.0172,0.0035,0.0007,0.0000,0.0072,119.21,11.35,0.04,0.00,22.71
5.2000,0.0165,0.0035,0.0007,0.0000,0.0072,108.82,11.86,0.04,0.00,23.71
5.3000,0.0157,0.0035,0.0008,0.0000,0.0072,98.30,12.42,0.04,0.00,24.83
5.4000,0.0150,0.0035,0.0008,0.0000,0.0072,87.63,13.04,0.04,0.00,26.08
5.5000,0.0143,0.0035,0.0008,0.0000,0.0072,77.11,13.65,0.04,0.00,27.30
5.6000,0.0136,0.0035,0.0008,0.0000,0.0072,66.44,14.31,0.04,0.00,28.62
5.7000,0.0130,0.0035,0.0008,0.0000,0.0072,56.01,15.01,0.04,0.00,30.03
5.8000,0.0123,0.0035,0.0008,0.0000,0.0073,45.33,15.80,0.04,0.00,31.60
5.9000,0.0116,0.0035,0.0008,0.0000,0.0073,34.69,16.67,0.05,0.00,33.35
6.0000,0.0109,0.0035,0.0008,0.0000,0.0073,23.58,17.75,0.05,0.00,35.50
6.1000,0.0102,0.0035,0.0008,0.0000,0.0073,11.69,19.00,0.05,0.00,38.00
6.2000,0.0094,0.0036,0.0008,0.0000,0.0073,-1.77,20.41,0.05,0.00,40.81
6.3000,0.0089,0.0036,0.0008,0.0000,0.0073,-16.82,21.62,0.05,0.00,43.24
6.4000,0.0085,0.0036,0.0008,0.0000,0.0073,-33.68,22.56,0.05,0.00,45.13
6.5000,0.0083,0.0036,0.0008,0.0000,0.0073,-51.05,22.87,0.05,0.00,45.75
6.6000,0.0084,0.0036,0.0008,0.0000,0.0073,-67.92,22.83,0.05,0.00,45.66
6.7000,0.0085,0.0036,0.0008,0.0000,0.0073,-84.05,22.62,0.05,0.00,45.24
6.8000,0.0086,0.0036,0.0008,0.0000,0.0073,-99.87,22.33,0.05,0.00,44.65
6.9000,0.0088,0.0036,0.0008,0.0000,0.0073,-115.35,21.88,0.05,0.00,43.76
7.0000,0.0090,0.0036,0.0008,0.0000,0.0073,-130.43,21.38,0.05,0.00,42.76
7.1000,0.0093,0.0036,0.0009,0.0000,0.0074,-145.35,20.65,0.05,0.00,41.29
7.2000,0.0098,0.0036,0.0009,0.0000,0.0074,-159.74,19.75,0.05,0.00,39.51
7.3000,0.0104,0.0036,0.0009,0.0000,0.0074,-173.56,18.66,0.05,0.00,37.32
7.4000,0.0112,0.0036,0.0009,0.0000,0.0074,173.59,17.40,0.05,0.00,34.80
7.5000,0.0121,0.0036,0.0009,0.0000,0.0074,161.60,16.23,0.05,0.00,32.46
7.6000,0.0128,0.0036,0.0009,0.0000,0.0074,150.17,15.35,0.05,0.00,30.71
7.7000,0.0134,0.0036,0.0009,0.0000,0.0074,139.68,14.64,0.05,0.00,29.28
7.8000,0.0137,0.0036,0.0009,0.0000,0.0074,129.07,14.38,0.05,0.00,28.76
7.9000,0.0137,0.0036,0.0009,0.0000,0.0074,118.20,14.40,0.05,0.00,28.79
8.0000,0.0135,0.0036,0.0009,0.0000,0.0074,106.88,14.54,0.05,0.00,29.09
8.1000,0.0134,0.0036,0.0009,0.0000,0.0074,95.29,14.74,0.05,0.00,29.48
8.2000,0.0132,0.0036,0.0009,0.0000,0.0074,83.70,14.91,0.05,0.00,29.83
8.3000,0.0130,0.0036,0.0009,0.0000,0.0075,72.03,15.10,0.05,0.00,30.20
8.4000,0.0129,0.0036,0.0009,0.0000,0.0075,60.58,15.23,0.05,0.00,30.47
8.5000,0.0128,0.0036,0.0009,0.0000,0.0075,49.00,15.36,0.05,0.00,30.72
8.6000,0.0127,0.0036,0.0009,0.0000,0.0075,37.45,15.52,0.05,0.00,31.03
8.7000,0.0126,0.0036,0.0010,0.0000,0.0075,25.53,15.64,0.05,0.00,31.28
8.8000,0.0125,0.0036,0.0010,0.0000,0.0075,13.28,15.74,0.06,0.00,31.48
8.9000,0.0125,0.0036,0.0010,0.0000,0.0075,0.25,15.71,0.06,0.00,31.43
9.0000,0.0127,0.0036,0.0010,0.0000,0.0075,-13.64,15.54,0.06,0.00,31.08
9.1000,0.0130,0.0036,0.0010,0.0000,0.0075,-28.10,15.21,0.06,0.00,30.42
9.2000,0.0134,0.0036,0.0010,0.0000,0.0075,-42.79,14.77,0.06,0.00,29.55
9.3000,0.0139,0.0036,0.0010,0.0000,0.0075,-57.48,14.28,0.06,0.00,28.57
9.4000,0.0144,0.0036,0.0010,0.0000,0.0075,-71.95,13.76,0.06,0.00,27.53
9.5000,0.0149,0.0036,0.0010,0.0000,0.0076,-86.23,13.36,0.06,0.00,26.71
9.6000,0.0154,0.0036,0.0010,0.0000,0.0076,-100.39,12.89,0.06,0.00,25.78
9.7000,0.0160,0.0036,0.0010,0.0000,0.0076,-114.37,12.42,0.06,0.00,24.84
9.8000,0.0167,0.0036,0.0010,0.0000,0.0076,-128.09,11.91,0.06,0.00,23.83
9.9000,0.0175,0.0037,0.0010,0.0000,0.0076,-141.70,11.41,0.06,0.00,22.82
10.0000,0.0183,0.0037,0.0010,0.0000,0.0076,-154.81,10.89,0.06,0.00,21.78
10.1000,0.0192,0.0037,0.0011,0.0000,0.0076,-167.51,10.39,0.06,0.00,20.79
10.2000,0.0202,0.0037,0.0011,0.0000,0.0076,-179.78,9.94,0.06,0.00,19.87
10.3000,0.0211,0.0037,0.0011,0.0000,0.0076,168.40,9.51,0.06,0.00,19.03
10.4000,0.0220,0.0037,0.0011,0.0000,0.0076,156.91,9.14,0.06,0.00,18.28
10.5000,0.0229,0.0037,0.0011,0.0000,0.0076,145.64,8.78,0.06,0.00,17.56
10.6000,0.0238,0.0037,0.0011,0.0000,0.0077,134.50,8.45,0.06,0.00,16.90
10.7000,0.0248,0.0037,0.0011,0.0000,0.0077,123.49,8.12,0.06,0.00,16.24
10.8000,0.0258,0.0037,0.0011,0.0000,0.0077,112.47,7.81,0.06,0.00,15.63
10.9000,0.0268,0.0037,0.0011,0.0000,0.0077,101.71,7.52,0.06,0.00,15.04
11.0000,0.0278,0.0037,0.0011,0.0000,0.0077,90.84,7.26,0.06,0.00,14.51
11.1000,0.0288,0.0037,0.0011,0.0000,0.0077,80.06,7.01,0.06,0.00,14.02
11.2000,0.0297,0.0037,0.0011,0.0000,0.0077,69.33,6.80,0.07,0.00,13.60
11.3000,0.0305,0.0037,0.0011,0.0000,0.0077,58.51,6.62,0.07,0.00,13.24
11.4000,0.0312,0.0037,0.0012,0.0000,0.0077,47.99,6.48,0.07,0.00,12.96
11.5000,0.0318,0.0037,0.0012,0.0000,0.0077,37.55,6.36,0.07,0.00,12.72
11.6000,0.0323,0.0037,0.0012,0.0000,0.0077,27.09,6.26,0.07,0.00,12.52
11.7000,0.0328,0.0037,0.0012,0.0000,0.0078,16.67,6.17,0.07,0.00,12.35
11.8000,0.0333,0.0037,0.0012,0.0000,0.0078,6.34,6.09,0.07,0.00,12.18
11.9000,0.0337,0.0037,0.0012,0.0000,0.0078,-4.00,6.01,0.07,0.00,12.03
12.0000,0.0342,0.0037,0.0012,0.0000,0.0078,-14.20,5.94,0.07,0.00,11.88
12.1000,0.0346,0.0037,0.0012,0.0000,0.0078,-24.48,5.87,0.07,0.00,11.74
12.2000,0.0349,0.0037,0.0012,0.0000,0.0078,-34.75,5.82,0.07,0.00,11.64
12.3000,0.0351,0.0037,0.0012,0.0000,0.0078,-45.04,5.78,0.07,0.00,11.57
12.4000,0.0353,0.0037,0.0012,0.0000,0.0078,-55.37,5.76,0.07,0.00,11.53
12.5000,0.0352,0.0037,0.0012,0.0000,0.0078,-65.78,5.77,0.07,0.00,11.54
12.6000,0.0352,0.0037,0.0013,0.0000,0.0078,-76.09,5.78,0.07,0.00,11.55
12.7000,0.0351,0.0037,0.0013,0.0000,0.0079,-86.43,5.80,0.07,0.00,11.60
12.8000,0.0349,0.0037,0.0013,0.0000,0.0079,-96.72,5.82,0.07,0.00,11.65
12.9000,0.0347,0.0037,0.0013,0.0000,0.0079,-106.95,5.87,0.07,0.00,11.75
13.0000,0.0343,0.0037,0.0013,0.0000,0.0079,-117.14,5.93,0.07,0.00,11.87
13.1000,0.0339,0.0037,0.0013,0.0000,0.0079,-127.30,6.00,0.07,0.00,12.01
13.2000,0.0334,0.0037,0.0013,0.0000,0.0079,-137.51,6.09,0.07,0.00,12.18
13.3000,0.0329,0.0037,0.0013,0.0000,0.0079,-147.76,6.19,0.08,0.00,12.39
13.4000,0.0323,0.0037,0.0013,0.0000,0.0079,-158.17,6.31,0.08,0.00,12.63
13.5000,0.0316,0.0037,0.0013,0.0000,0.0079,-168.74,6.45,0.08,0.00,12.90
13.6000,0.0309,0.0037,0.0013,0.0000,0.0079,-179.69,6.60,0.08,0.00,13.20
13.7000,0.0301,0.0037,0.0013,0.0000,0.0080,169.13,6.78,0.08,0.00,13.56
13.8000,0.0292,0.0037,0.0014,0.0000,0.0080,157.73,6.98,0.08,0.00,13.96
13.9000,0.0283,0.0037,0.0014,0.0000,0.0080,145.82,7.19,0.08,0.00,14.38
14.0000,0.0274,0.0038,0.0014,0.0000,0.0080,133.48,7.43,0.08,0.00,14.86
14.1000,0.0265,0.0038,0.0014,0.0000,0.0080,120.78,7.69,0.08,0.00,15.38
14.2000,0.0256,0.0038,0.0014,0.0000,0.0080,107.69,7.96,0.08,0.00,15.93
14.3000,0.0247,0.0038,0.0014,0.0000,0.0080,94.23,8.23,0.08,0.00,16.47
14.4000,0.0240,0.0038,0.0014,0.0000,0.0080,80.38,8.49,0.08,0.00,16.99
14.5000,0.0233,0.0038,0.0014,0.0000,0.0080,66.15,8.75,0.08,0.00,17.50
14.6000,0.0227,0.0038,0.0014,0.0000,0.0081,51.66,8.96,0.08,0.00,17.92
14.7000,0.0224,0.0038,0.0014,0.0000,0.0081,36.69,9.09,0.08,0.00,18.18
14.8000,0.0223,0.0038,0.0015,0.0000,0.0081,21.61,9.12,0.08,0.00,18.23
14.9000,0.0225,0.0038,0.0015,0.0000,0.0081,6.52,9.04,0.08,0.00,18.08
15.0000,0.0229,0.0038,0.0015,0.0000,0.0081,-8.50,8.89,0.08,0.00,17.78
15.1000,0.0235,0.0038,0.0015,0.0000,0.0081,-22.89,8.67,0.09,0.00,17.35
15.2000,0.0243,0.0038,0.0015,0.0000,0.0081,-37.43,8.41,0.09,0.00,16.83
15.3000,0.0251,0.0038,0.0015,0.0000,0.0081,-51.90,8.13,0.09,0.00,16.26
15.4000,0.0260,0.0038,0.0015,0.0000,0.0082,-65.79,7.86,0.09,0.00,15.72
15.5000,0.0270,0.0038,0.0015,0.0000,0.0082,-79.34,7.59,0.09,0.00,15.19
15.6000,0.0280,0.0038,0.0015,0.0000,0.0082,-92.65,7.33,0.09,0.00,14.66
15.7000,0.0290,0.0038,0.0015,0.0000,0.0082,-105.79,7.07,0.09,0.00,14.15
15.8000,0.0301,0.0038,0.0016,0.0000,0.0082,-118.70,6.82,0.09,0.00,13.64
15.9000,0.0313,0.0038,0.0016,0.0000,0.0082,-131.18,6.56,0.09,0.00,13.13
16.0000,0.0326,0.0038,0.0016,0.0000,0.0082,-143.44,6.30,0.09,0.00,12.60
16.1000,0.0341,0.0038,0.0016,0.0000,0.0082,-155.60,6.04,0.09,0.00,12.08
16.2000,0.0355,0.0038,0.0016,0.0000,0.0082,-167.58,5.80,0.09,0.00,11.61
16.3000,0.0369,0.0038,0.0016,0.0000,0.0083,-179.56,5.58,0.09,0.00,11.16
16.4000,0.0382,0.0038,0.0016,0.0000,0.0083,168.43,5.40,0.09,0.00,10.80
16.5000,0.0395,0.0038,0.0016,0.0000,0.0083,156.32,5.23,0.09,0.00,10.47
16.6000,0.0406,0.0038,0.0016,0.0000,0.0083,144.18,5.09,0.09,0.00,10.18
16.7000,0.0418,0.0038,0.0017,0.0000,0.0083,132.05,4.95,0.10,0.00,9.90
16.8000,0.0430,0.0038,0.0017,0.0000,0.0083,120.00,4.82,0.10,0.00,9.63
16.9000,0.0442,0.0038,0.0017,0.0000,0.0083,108.08,4.68,0.10,0.00,9.37
17.0000,0.0455,0.0038,0.0017,0.0000,0.0084,96.20,4.56,0.10,0.00,9.13
17.1000,0.0468,0.0038,0.0017,0.0000,0.0084,84.54,4.44,0.10,0.00,8.88
17.2000,0.0481,0.0038,0.0017,0.0000,0.0084,73.11,4.32,0.10,0.00,8.65
17.3000,0.0492,0.0038,0.0017,0.0000,0.0084,61.67,4.22,0.10,0.00,8.45
17.4000,0.0503,0.0038,0.0017,0.0000,0.0084,50.29,4.14,0.10,0.00,8.28
17.5000,0.0514,0.0038,0.0018,0.0000,0.0084,38.97,4.05,0.10,0.00,8.11
17.6000,0.0525,0.0038,0.0018,0.0000,0.0084,27.62,3.97,0.10,0.00,7.95
17.7000,0.0537,0.0038,0.0018,0.0000,0.0085,16.30,3.89,0.10,0.00,7.78
17.8000,0.0550,0.0038,0.0018,0.0000,0.0085,5.07,3.80,0.10,0.00,7.60
17.9000,0.0566,0.0038,0.0018,0.0000,0.0085,-6.11,3.70,0.10,0.00,7.40
18.0000,0.0582,0.0038,0.0018,0.0000,0.0085,-17.13,3.60,0.10,0.00,7.20
18.1000,0.0599,0.0038,0.0018,0.0000,0.0085,-28.06,3.50,0.10,0.00,7.00
18.2000,0.0616,0.0038,0.0018,0.0000,0.0085,-38.80,3.41,0.11,0.00,6.83
18.3000,0.0633,0.0038,0.0019,0.0000,0.0085,-49.55,3.33,0.11,0.00,6.66
18.4000,0.0649,0.0038,0.0019,0.0000,0.0086,-60.28,3.25,0.11,0.00,6.50
18.5000,0.0663,0.0039,0.0019,0.0000,0.0086,-70.98,3.18,0.11,0.00,6.37
18.6000,0.0677,0.0039,0.0019,0.0000,0.0086,-81.59,3.12,0.11,0.00,6.25
18.7000,0.0689,0.0039,0.0019,0.0000,0.0086,-92.10,3.07,0.11,0.00,6.14
18.8000,0.0701,0.0039,0.0019,0.0000,0.0086,-102.60,3.02,0.11,0.00,6.05
18.9000,0.0712,0.0039,0.0019,0.0000,0.0086,-112.98,2.98,0.11,0.00,5.96
19.0000,0.0722,0.0039,0.0019,0.0000,0.0086,-123.19,2.94,0.11,0.00,5.89
19.1000,0.0731,0.0039,0.0020,0.0000,0.0087,-133.34,2.91,0.11,0.00,5.82
19.2000,0.0739,0.0039,0.0020,0.0000,0.0087,-143.43,2.88,0.11,0.00,5.77
19.3000,0.0746,0.0039,0.0020,0.0000,0.0087,-153.66,2.86,0.11,0.00,5.72
19.4000,0.0751,0.0039,0.0020,0.0000,0.0087,-163.86,2.84,0.11,0.00,5.69
19.5000,0.0755,0.0039,0.0020,0.0000,0.0087,-174.15,2.83,0.12,0.00,5.66
19.6000,0.0757,0.0039,0.0020,0.0000,0.0087,175.41,2.82,0.12,0.00,5.65
19.7000,0.0757,0.0039,0.0020,0.0000,0.0088,164.88,2.83,0.12,0.00,5.65
19.8000,0.0755,0.0039,0.0021,0.0000,0.0088,154.26,2.83,0.12,0.00,5.67
19.9000,0.0751,0.0039,0.0021,0.0000,0.0088,143.56,2.85,0.12,0.00,5.70
20.0000,0.0748,0.0039,0.0021,0.0000,0.0088,132.73,2.86,0.12,0.00,5.73
20.1000,0.0743,0.0039,0.0021,0.0000,0.0088,121.85,2.88,0.12,0.00,5.76
20.2000,0.0739,0.0039,0.0021,0.0000,0.0089,110.85,2.90,0.12,0.00,5.80
20.3000,0.0734,0.0039,0.0021,0.0000,0.0089,99.76,2.92,0.12,0.00,5.84
20.4000,0.0730,0.0039,0.0021,0.0000,0.0089,88.52,2.93,0.12,0.00,5.87
20.5000,0.0725,0.0039,0.0022,0.0000,0.0089,77.16,2.95,0.12,0.00,5.91
20.6000,0.0722,0.0039,0.0022,0.0000,0.0089,65.61,2.97,0.12,0.00,5.94
20.7000,0.0719,0.0039,0.0022,0.0000,0.0089,53.92,2.98,0.13,0.00,5.96
20.8000,0.0717,0.0039,0.0022,0.0000,0.0090,41.99,2.99,0.13,0.00,5.98
20.9000,0.0715,0.0039,0.0022,0.0000,0.0090,29.79,3.00,0.13,0.00,6.00
21.0000,0.0714,0.0039,0.0022,0.0000,0.0090,17.39,3.00,0.13,0.00,6.01
21.1000,0.0715,0.0039,0.0022,0.0000,0.0090,4.91,3.00,0.13,0.00,6.01
21.2000,0.0717,0.0039,0.0023,0.0000,0.0090,-7.51,2.99,0.13,0.00,5.99
21.3000,0.0721,0.0039,0.0023,0.0000,0.0091,-19.73,2.98,0.13,0.00,5.97
21.4000,0.0726,0.0039,0.0023,0.0000,0.0091,-31.66,2.97,0.13,0.00,5.94
21.5000,0.0732,0.0039,0.0023,0.0000,0.0091,-43.40,2.94,0.13,0.00,5.89
21.6000,0.0738,0.0039,0.0023,0.0000,0.0091,-55.11,2.92,0.13,0.00,5.85
21.7000,0.0744,0.0039,0.0023,0.0000,0.0091,-66.59,2.90,0.13,0.00,5.81
21.8000,0.0749,0.0039,0.0024,0.0000,0.0092,-77.99,2.88,0.14,0.00,5.78
21.9000,0.0756,0.0039,0.0024,0.0000,0.0092,-89.34,2.86,0.14,0.00,5.73
22.0000,0.0762,0.0039,0.0024,0.0000,0.0092,-100.79,2.84,0.14,0.00,5.69
22.1000,0.0769,0.0039,0.0024,0.0000,0.0092,-112.13,2.82,0.14,0.00,5.65
22.2000,0.0776,0.0039,0.0024,0.0000,0.0092,-123.39,2.80,0.14,0.00,5.60
22.3000,0.0786,0.0039,0.0024,0.0000,0.0093,-134.47,2.77,0.14,0.00,5.54
22.4000,0.0795,0.0039,0.0025,0.0000,0.0093,-145.53,2.74,0.14,0.00,5.48
22.5000,0.0801,0.0039,0.0025,0.0000,0.0093,-156.67,2.72,0.14,0.00,5.45
22.6000,0.0800,0.0039,0.0025,0.0000,0.0093,-167.88,2.73,0.14,0.00,5.46
22.7000,0.0790,0.0039,0.0025,0.0000,0.0093,-179.40,2.76,0.14,0.00,5.53
22.8000,0.0783,0.0039,0.0025,0.0000,0.0094,169.16,2.78,0.14,0.00,5.57
22.9000,0.0775,0.0039,0.0025,0.0000,0.0094,157.58,2.81,0.15,0.00,5.63
23.0000,0.0766,0.0039,0.0026,0.0000,0.0094,146.05,2.85,0.15,0.00,5.70
23.1000,0.0759,0.0039,0.0026,0.0000,0.0094,134.43,2.87,0.15,0.00,5.75
23.2000,0.0753,0.0040,0.0026,0.0000,0.0095,122.67,2.89,0.15,0.00,5.79
23.3000,0.0749,0.0040,0.0026,0.0000,0.0095,110.59,2.91,0.15,0.00,5.83
23.4000,0.0745,0.0040,0.0026,0.0000,0.0095,98.43,2.92,0.15,0.00,5.86
23.5000,0.0744,0.0040,0.0027,0.0000,0.0095,86.09,2.93,0.15,0.00,5.86
23.6000,0.0749,0.0040,0.0027,0.0000,0.0096,73.63,2.91,0.15,0.00,5.83
23.7000,0.0764,0.0040,0.0027,0.0000,0.0096,61.13,2.86,0.15,0.00,5.74
23.8000,0.0777,0.0040,0.0027,0.0000,0.0096,48.66,2.82,0.16,0.00,5.65
23.9000,0.0750,0.0040,0.0027,0.0000,0.0096,37.78,2.92,0.16,0.00,5.84
24.0000,0.0714,0.0040,0.0027,0.0000,0.0097,26.16,3.05,0.16,0.00,6.11
24.1000,0.0702,0.0040,0.0028,0.0000,0.0097,13.28,3.10,0.16,0.00,6.21
24.2000,0.0703,0.0040,0.0028,0.0000,0.0097,-0.01,3.10,0.16,0.00,6.21
24.3000,0.0710,0.0040,0.0028,0.0000,0.0097,-13.28,3.07,0.16,0.00,6.16
24.4000,0.0722,0.0040,0.0028,0.0000,0.0098,-26.40,3.03,0.16,0.00,6.06
24.5000,0.0737,0.0040,0.0028,0.0000,0.0098,-39.41,2.97,0.16,0.00,5.95
24.6000,0.0756,0.0040,0.0029,0.0000,0.0098,-52.36,2.90,0.16,0.00,5.82
24.7000,0.0779,0.0040,0.0029,0.0000,0.0098,-65.28,2.83,0.17,0.00,5.67
24.8000,0.0804,0.0040,0.0029,0.0000,0.0099,-78.04,2.75,0.17,0.00,5.51
24.9000,0.0834,0.0040,0.0029,0.0000,0.0099,-90.70,2.66,0.17,0.00,5.34
25.0000,0.0872,0.0040,0.0029,0.0000,0.0099,-102.95,2.56,0.17,0.00,5.14
25.1000,0.0914,0.0040,0.0030,0.0000,0.0099,-115.30,2.46,0.17,0.00,4.93
25.2000,0.0965,0.0040,0.0030,0.0000,0.0100,-126.93,2.35,0.17,0.00,4.71
25.3000,0.1011,0.0040,0.0030,0.0000,0.0100,-137.96,2.26,0.17,0.00,4.53
25.4000,0.1048,0.0040,0.0030,0.0000,0.0100,-148.38,2.19,0.17,0.00,4.40
25.5000,0.1088,0.0040,0.0030,0.0000,0.0101,-158.37,2.13,0.17,0.00,4.27
25.6000,0.1120,0.0040,0.0031,0.0000,0.0101,-168.79,2.08,0.18,0.00,4.17
25.7000,0.1148,0.0040,0.0031,0.0000,0.0101,-179.38,2.04,0.18,0.00,4.09
25.8000,0.1175,0.0040,0.0031,0.0000,0.0101,170.27,2.00,0.18,0.00,4.02
25.9000,0.1202,0.0040,0.0031,0.0000,0.0102,160.02,1.97,0.18,0.00,3.95
26.0000,0.1228,0.0040,0.0032,0.0000,0.0102,149.81,1.94,0.18,0.00,3.89
26.1000,0.1251,0.0040,0.0032,0.0000,0.0102,139.63,1.91,0.18,0.00,3.84
26.2000,0.1270,0.0040,0.0032,0.0000,0.0103,129.53,1.89,0.18,0.00,3.80
26.3000,0.1287,0.0040,0.0032,0.0000,0.0103,119.51,1.88,0.18,0.00,3.77
26.4000,0.1300,0.0040,0.0032,0.0000,0.0103,109.56,1.86,0.19,0.00,3.75
26.5000,0.1308,0.0040,0.0033,0.0000,0.0104,99.65,1.86,0.19,0.00,3.73
26.6000,0.1312,0.0040,0.0033,0.0000,0.0104,89.78,1.85,0.19,0.00,3.73
26.7000,0.1311,0.0040,0.0033,0.0000,0.0104,79.83,1.86,0.19,0.00,3.73
26.8000,0.1309,0.0040,0.0033,0.0000,0.0105,69.86,1.86,0.19,0.00,3.74
26.9000,0.1305,0.0040,0.0034,0.0000,0.0105,59.77,1.87,0.19,0.00,3.76
27.0000,0.1298,0.0040,0.0034,0.0000,0.0105,49.66,1.88,0.19,0.00,3.77
27.1000,0.1287,0.0040,0.0034,0.0000,0.0106,39.50,1.89,0.20,0.00,3.80
27.2000,0.1272,0.0040,0.0034,0.0000,0.0106,29.29,1.91,0.20,0.00,3.84
27.3000,0.1253,0.0040,0.0035,0.0000,0.0106,18.93,1.94,0.20,0.00,3.89
27.4000,0.1229,0.0040,0.0035,0.0000,0.0107,8.51,1.97,0.20,0.00,3.95
27.5000,0.1204,0.0040,0.0035,0.0000,0.0107,-2.06,2.00,0.20,0.00,4.02
27.6000,0.1176,0.0040,0.0035,0.0000,0.0107,-12.71,2.04,0.20,0.00,4.09
27.7000,0.1147,0.0040,0.0035,0.0000,0.0108,-23.45,2.08,0.20,0.00,4.18
27.8000,0.1117,0.0040,0.0036,0.0000,0.0108,-34.30,2.13,0.20,0.00,4.27
27.9000,0.1088,0.0040,0.0036,0.0000,0.0108,-45.32,2.17,0.21,0.00,4.37
28.0000,0.1060,0.0040,0.0036,0.0000,0.0109,-56.45,2.22,0.21,0.00,4.46
28.1000,0.1032,0.0040,0.0036,0.0000,0.0109,-67.65,2.27,0.21,0.00,4.56
28.2000,0.1004,0.0041,0.0037,0.0000,0.0109,-79.00,2.32,0.21,0.00,4.67
28.3000,0.0977,0.0041,0.0037,0.0000,0.0110,-90.54,2.38,0.21,0.00,4.78
28.4000,0.0951,0.0041,0.0037,0.0000,0.0110,-102.35,2.44,0.21,0.00,4.89
28.5000,0.0927,0.0041,0.0037,0.0000,0.0111,-114.33,2.49,0.21,0.00,5.00
28.6000,0.0904,0.0041,0.0038,0.0000,0.0111,-126.59,2.55,0.22,0.00,5.11
28.7000,0.0885,0.0041,0.0038,0.0000,0.0111,-138.95,2.59,0.22,0.00,5.20
28.8000,0.0869,0.0041,0.0038,0.0000,0.0112,-151.42,2.64,0.22,0.00,5.29
28.9000,0.0854,0.0041,0.0039,0.0000,0.0112,-163.91,2.68,0.22,0.00,5.37
29.0000,0.0840,0.0041,0.0039,0.0000,0.0112,-176.44,2.72,0.22,0.00,5.46
29.1000,0.0825,0.0041,0.0039,0.0000,0.0113,170.99,2.76,0.22,0.00,5.54
29.2000,0.0812,0.0041,0.0039,0.0000,0.0113,158.36,2.80,0.23,0.00,5.63
29.3000,0.0800,0.0041,0.0040,0.0000,0.0114,145.63,2.84,0.23,0.00,5.70
29.4000,0.0791,0.0041,0.0040,0.0000,0.0114,132.83,2.87,0.23,0.00,5.76
29.5000,0.0789,0.0041,0.0040,0.0000,0.0114,119.93,2.88,0.23,0.00,5.78
29.6000,0.0790,0.0041,0.0040,0.0000,0.0115,107.13,2.88,0.23,0.00,5.78
29.7000,0.0795,0.0041,0.0041,0.0000,0.0115,94.55,2.86,0.23,0.00,5.75
29.8000,0.0802,0.0041,0.0041,0.0000,0.0116,82.32,2.84,0.24,0.00,5.71
29.9000,0.0814,0.0041,0.0041,0.0000,0.0116,70.26,2.81,0.24,0.00,5.64
30.0000,0.0829,0.0041,0.0042,0.0000,0.0117,58.27,2.77,0.24,0.00,5.56
30.1000,0.0847,0.0041,0.0042,0.0000,0.0117,46.55,2.72,0.24,0.00,5.46
30.2000,0.0863,0.0041,0.0042,0.0000,0.0118,34.83,2.68,0.24,0.00,5.38
30.3000,0.0873,0.0041,0.0042,0.0000,0.0118,22.92,2.65,0.24,0.00,5.33
30.4000,0.0878,0.0041,0.0043,0.0000,0.0118,10.98,2.64,0.24,0.00,5.31
30.5000,0.0880,0.0041,0.0043,0.0000,0.0119,-0.80,2.64,0.25,0.00,5.30
30.6000,0.0882,0.0041,0.0043,0.0000,0.0119,-12.44,2.64,0.25,0.00,5.30
30.7000,0.0884,0.0041,0.0044,0.0000,0.0120,-23.93,2.63,0.25,0.00,5.29
30.8000,0.0886,0.0041,0.0044,0.0000,0.0120,-35.20,2.63,0.25,0.00,5.28
30.9000,0.0887,0.0041,0.0044,0.0000,0.0121,-46.25,2.63,0.25,0.00,5.29
31.0000,0.0888,0.0041,0.0045,0.0000,0.0121,-57.37,2.63,0.26,0.00,5.28
31.1000,0.0891,0.0041,0.0045,0.0000,0.0122,-68.48,2.62,0.26,0.00,5.27
31.2000,0.0894,0.0041,0.0045,0.0000,0.0122,-79.85,2.62,0.26,0.00,5.26
31.3000,0.0897,0.0041,0.0045,0.0000,0.0123,-91.27,2.61,0.26,0.00,5.25
31.4000,0.0895,0.0041,0.0046,0.0000,0.0123,-102.88,2.62,0.26,0.00,5.27
31.5000,0.0902,0.0041,0.0046,0.0000,0.0124,-114.69,2.61,0.26,0.00,5.24
31.6000,0.0908,0.0041,0.0046,0.0000,0.0124,-126.36,2.59,0.27,0.00,5.21
31.7000,0.0910,0.0041,0.0047,0.0000,0.0125,-137.67,2.59,0.27,0.00,5.21
31.8000,0.0906,0.0041,0.0047,0.0000,0.0125,-148.67,2.60,0.27,0.00,5.23
31.9000,0.0896,0.0041,0.0047,0.0000,0.0126,-159.42,2.63,0.27,0.00,5.28
32.0000,0.0883,0.0041,0.0048,0.0000,0.0126,-170.19,2.66,0.27,0.00,5.35
32.1000,0.0869,0.0041,0.0048,0.0000,0.0127,178.85,2.70,0.28,0.00,5.42
32.2000,0.0854,0.0041,0.0048,0.0000,0.0127,167.84,2.74,0.28,0.00,5.51
32.3000,0.0839,0.0041,0.0049,0.0000,0.0128,156.63,2.78,0.28,0.00,5.59
32.4000,0.0823,0.0041,0.0049,0.0000,0.0128,145.39,2.83,0.28,0.00,5.69
32.5000,0.0808,0.0041,0.0049,0.0000,0.0129,133.94,2.88,0.28,0.00,5.78
32.6000,0.0792,0.0041,0.0050,0.0000,0.0129,122.54,2.93,0.29,0.00,5.88
32.7000,0.0772,0.0041,0.0050,0.0000,0.0130,110.92,2.99,0.29,0.00,6.02
32.8000,0.0749,0.0041,0.0050,0.0000,0.0131,99.21,3.07,0.29,0.00,6.18
32.9000,0.0724,0.0041,0.0051,0.0000,0.0131,87.30,3.17,0.29,0.00,6.36
33.0000,0.0698,0.0041,0.0051,0.0000,0.0132,75.07,3.27,0.29,0.00,6.57

