0.2000,0.0111,0.0034,0.0005,0.0000,0.0069,167.85,17.26,0.03,0.00,34.52
0.3000,0.0111,0.0034,0.0005,0.0000,0.0069,162.47,17.05,0.03,0.00,34.10
0.4000,0.0112,0.0034,0.0005,0.0000,0.0069,157.07,16.97,0.03,0.00,33.95
0.5000,0.0112,0.0034,0.0005,0.0000,0.0068,151.64,16.92,0.03,0.00,33.84
0.6000,0.0112,0.0034,0.0005,0.0000,0.0068,146.38,16.90,0.03,0.00,33.80
0.7000,0.0113,0.0034,0.0005,0.0000,0.0069,141.22,16.71,0.03,0.00,33.42
0.8000,0.0114,0.0034,0.0006,0.0000,0.0069,135.87,16.61,0.03,0.00,33.22
0.9000,0.0115,0.0034,0.0006,0.0000,0.0069,130.84,16.45,0.03,0.00,32.90
1.0000,0.0116,0.0034,0.0006,0.0000,0.0069,125.93,16.35,0.03,0.00,32.70
1.1000,0.0117,0.0034,0.0006,0.0000,0.0069,122.24,16.14,0.03,0.00,32.29
1.2000,0.0116,0.0034,0.0006,0.0000,0.0069,119.10,16.33,0.03,0.00,32.65
1.3000,0.0113,0.0034,0.0006,0.0000,0.0069,118.26,16.71,0.03,0.00,33.41
1.4000,0.0110,0.0034,0.0006,0.0000,0.0069,118.36,17.16,0.03,0.00,34.32
1.5000,0.0109,0.0034,0.0006,0.0000,0.0069,115.60,17.43,0.03,0.00,34.86
1.6000,0.0109,0.0034,0.0006,0.0000,0.0069,111.01,17.39,0.03,0.00,34.77
1.7000,0.0110,0.0034,0.0006,0.0000,0.0069,105.61,17.30,0.03,0.00,34.60
1.8000,0.0111,0.0034,0.0006,0.0000,0.0069,100.32,17.04,0.03,0.00,34.08
1.9000,0.0112,0.0034,0.0006,0.0000,0.0069,95.18,16.93,0.03,0.00,33.87
2.0000,0.0113,0.0034,0.0006,0.0000,0.0069,90.30,16.83,0.03,0.00,33.67
2.1000,0.0113,0.0034,0.0006,0.0000,0.0070,85.84,16.83,0.03,0.00,33.66
2.2000,0.0113,0.0034,0.0006,0.0000,0.0070,82.10,16.78,0.03,0.00,33.56
2.3000,0.0113,0.0034,0.0006,0.0000,0.0070,78.67,16.85,0.04,0.00,33.69
2.4000,0.0113,0.0034,0.0006,0.0000,0.0070,75.36,16.87,0.04,0.00,33.73
2.5000,0.0113,0.0034,0.0006,0.0000,0.0070,72.84,16.88,0.04,0.00,33.77
2.6000,0.0114,0.0034,0.0006,0.0000,0.0070,70.11,16.73,0.04,0.00,33.45
2.7000,0.0117,0.0034,0.0006,0.0000,0.0070,66.83,16.39,0.04,0.00,32.79
2.8000,0.0120,0.0034,0.0006,0.0000,0.0070,62.93,16.01,0.04,0.00,32.02
2.9000,0.0123,0.0035,0.0006,0.0000,0.0070,58.18,15.63,0.04,0.00,31.26
3.0000,0.0125,0.0035,0.0006,0.0000,0.0070,52.78,15.30,0.04,0.00,30.61
3.1000,0.0127,0.0035,0.0006,0.0000,0.0070,47.48,15.10,0.04,0.00,30.21
3.2000,0.0128,0.0035,0.0007,0.0000,0.0070,42.27,15.04,0.04,0.00,30.09
3.3000,0.0128,0.0035,0.0007,0.0000,0.0071,37.21,15.05,0.04,0.00,30.10
3.4000,0.0127,0.0035,0.0007,0.0000,0.0071,32.72,15.18,0.04,0.00,30.36
3.5000,0.0125,0.0035,0.0007,0.0000,0.0071,28.22,15.35,0.04,0.00,30.70
3.6000,0.0124,0.0035,0.0007,0.0000,0.0071,24.64,15.57,0.04,0.00,31.14
3.7000,0.0123,0.0035,0.0007,0.0000,0.0071,21.00,15.67,0.04,0.00,31.35
3.8000,0.0123,0.0035,0.0007,0.0000,0.0071,17.85,15.71,0.04,0.00,31.41
3.9000,0.0124,0.0035,0.0007,0.0000,0.0071,14.45,15.57,0.04,0.00,31.14
4.0000,0.0125,0.0035,0.0007,0.0000,0.0071,10.98,15.42,0.04,0.00,30.84
4.1000,0.0127,0.0035,0.0007,0.0000,0.0071,7.24,15.19,0.04,0.00,30.37
4.2000,0.0129,0.0035,0.0007,0.0000,0.0071,3.10,14.96,0.04,0.00,29.92
4.3000,0.0130,0.0035,0.0007,0.0000,0.0071,-1.03,14.84,0.04,0.00,29.68
4.4000,0.0131,0.0035,0.0007,0.0000,0.0071,-5.36,14.83,0.04,0.00,29.66
4.5000,0.0130,0.0035,0.0007,0.0000,0.0071,-9.31,14.91,0.04,0.00,29.82
4.6000,0.0129,0.0035,0.0007,0.0000,0.0072,-13.21,15.06,0.04,0.00,30.13
4.7000,0.0127,0.0035,0.0007,0.0000,0.0072,-16.70,15.23,0.04,0.00,30.47
4.8000,0.0126,0.0035,0.0007,0.0000,0.0072,-19.89,15.36,0.04,0.00,30.72
4.9000,0.0127,0.0035,0.0007,0.0000,0.0072,-22.69,15.31,0.04,0.00,30.63
5.0000,0.0129,0.0035,0.0007,0.0000,0.0072,-25.73,15.06,0.04,0.00,30.11
5.1000,0.0133,0.0035,0.0007,0.0000,0.0072,-28.95,14.64,0.04,0.00,29.29
5.2000,0.0137,0.0035,0.0007,0.0000,0.0072,-32.48,14.20,0.04,0.00,28.40
5.3000,0.0141,0.0035,0.0008,0.0000,0.0072,-36.35,13.82,0.04,0.00,27.65
5.4000,0.0144,0.0035,0.0008,0.0000,0.0072,-40.39,13.54,0.04,0.00,27.08
5.5000,0.0145,0.0035,0.0008,0.0000,0.0072,-44.47,13.43,0.04,0.00,26.87
5.6000,0.0146,0.0035,0.0008,0.0000,0.0072,-48.51,13.40,0.04,0.00,26.79
5.7000,0.0145,0.0035,0.0008,0.0000,0.0072,-52.46,13.49,0.04,0.00,26.99
5.8000,0.0143,0.0035,0.0008,0.0000,0.0073,-56.26,13.63,0.04,0.00,27.26
5.9000,0.0141,0.0035,0.0008,0.0000,0.0073,-59.91,13.86,0.05,0.00,27.71
6.0000,0.0139,0.0035,0.0008,0.0000,0.0073,-63.62,14.07,0.05,0.00,28.14
6.1000,0.0137,0.0035,0.0008,0.0000,0.0073,-67.23,14.25,0.05,0.00,28.51
6.2000,0.0137,0.0036,0.0008,0.0000,0.0073,-70.95,14.31,0.05,0.00,28.61
6.3000,0.0138,0.0036,0.0008,0.0000,0.0073,-74.35,14.22,0.05,0.00,28.43
6.4000,0.0140,0.0036,0.0008,0.0000,0.0073,-78.13,14.00,0.05,0.00,28.01
6.5000,0.0143,0.0036,0.0008,0.0000,0.0073,-81.74,13.75,0.05,0.00,27.49
6.6000,0.0144,0.0036,0.0008,0.0000,0.0073,-85.30,13.60,0.05,0.00,27.19
6.7000,0.0145,0.0036,0.0008,0.0000,0.0073,-88.77,13.54,0.05,0.00,27.08
6.8000,0.0145,0.0036,0.0008,0.0000,0.0073,-92.20,13.56,0.05,0.00,27.12
6.9000,0.0144,0.0036,0.0008,0.0000,0.0073,-95.61,13.63,0.05,0.00,27.26
7.0000,0.0143,0.0036,0.0008,0.0000,0.0073,-98.94,13.76,0.05,0.00,27.51
7.1000,0.0142,0.0036,0.0009,0.0000,0.0074,-102.42,13.87,0.05,0.00,27.73
7.2000,0.0141,0.0036,0.0009,0.0000,0.0074,-105.99,13.98,0.05,0.00,27.96
7.3000,0.0140,0.0036,0.0009,0.0000,0.0074,-110.00,14.07,0.05,0.00,28.14
7.4000,0.0140,0.0036,0.0009,0.0000,0.0074,-114.37,14.07,0.05,0.00,28.15
7.5000,0.0140,0.0036,0.0009,0.0000,0.0074,-119.18,14.08,0.05,0.00,28.16
7.6000,0.0139,0.0036,0.0009,0.0000,0.0074,-123.50,14.11,0.05,0.00,28.23
7.7000,0.0140,0.0036,0.0009,0.0000,0.0074,-127.76,14.05,0.05,0.00,28.10
7.8000,0.0140,0.0036,0.0009,0.0000,0.0074,-130.78,14.06,0.05,0.00,28.13
7.9000,0.0140,0.0036,0.0009,0.0000,0.0074,-132.93,14.07,0.05,0.00,28.14
8.0000,0.0140,0.0036,0.0009,0.0000,0.0074,-134.71,14.09,0.05,0.00,28.17
8.1000,0.0140,0.0036,0.0009,0.0000,0.0074,-136.53,14.09,0.05,0.00,28.18
8.2000,0.0140,0.0036,0.0009,0.0000,0.0074,-138.70,14.05,0.05,0.00,28.11
8.3000,0.0141,0.0036,0.0009,0.0000,0.0075,-141.20,13.99,0.05,0.00,27.97
8.4000,0.0141,0.0036,0.0009,0.0000,0.0075,-144.31,13.96,0.05,0.00,27.92
8.5000,0.0141,0.0036,0.0009,0.0000,0.0075,-147.64,13.97,0.05,0.00,27.93
8.6000,0.0141,0.0036,0.0009,0.0000,0.0075,-151.29,14.03,0.05,0.00,28.06
8.7000,0.0139,0.0036,0.0010,0.0000,0.0075,-154.84,14.18,0.05,0.00,28.36
8.8000,0.0137,0.0036,0.0010,0.0000,0.0075,-158.32,14.41,0.06,0.00,28.82
8.9000,0.0134,0.0036,0.0010,0.0000,0.0075,-161.08,14.77,0.06,0.00,29.54
9.0000,0.0130,0.0036,0.0010,0.0000,0.0075,-162.86,15.15,0.06,0.00,30.30
9.1000,0.0127,0.0036,0.0010,0.0000,0.0075,-163.76,15.49,0.06,0.00,30.98
9.2000,0.0126,0.0036,0.0010,0.0000,0.0075,-164.18,15.66,0.06,0.00,31.32
9.3000,0.0126,0.0036,0.0010,0.0000,0.0075,-164.68,15.65,0.06,0.00,31.30
9.4000,0.0127,0.0036,0.0010,0.0000,0.0075,-165.59,15.50,0.06,0.00,31.01
9.5000,0.0129,0.0036,0.0010,0.0000,0.0076,-167.59,15.29,0.06,0.00,30.58
9.6000,0.0131,0.0036,0.0010,0.0000,0.0076,-169.97,15.06,0.06,0.00,30.12
9.7000,0.0133,0.0036,0.0010,0.0000,0.0076,-172.88,14.85,0.06,0.00,29.70
9.8000,0.0135,0.0036,0.0010,0.0000,0.0076,-176.10,14.67,0.06,0.00,29.35
9.9000,0.0136,0.0037,0.0010,0.0000,0.0076,-179.89,14.54,0.06,0.00,29.09
10.0000,0.0137,0.0037,0.0010,0.0000,0.0076,176.40,14.49,0.06,0.00,28.97
10.1000,0.0137,0.0037,0.0011,0.0000,0.0076,172.53,14.53,0.06,0.00,29.06
10.2000,0.0135,0.0037,0.0011,0.0000,0.0076,168.82,14.72,0.06,0.00,29.45
10.3000,0.0132,0.0037,0.0011,0.0000,0.0076,165.23,14.99,0.06,0.00,29.98
10.4000,0.0129,0.0037,0.0011,0.0000,0.0076,162.03,15.39,0.06,0.00,30.78
10.5000,0.0125,0.0037,0.0011,0.0000,0.0076,158.99,15.82,0.06,0.00,31.65
10.6000,0.0121,0.0037,0.0011,0.0000,0.0077,156.04,16.32,0.06,0.00,32.64
10.7000,0.0118,0.0037,0.0011,0.0000,0.0077,152.97,16.82,0.06,0.00,33.63
10.8000,0.0113,0.0037,0.0011,0.0000,0.0077,149.76,17.40,0.06,0.00,34.81
10.9000,0.0110,0.0037,0.0011,0.0000,0.0077,146.60,18.00,0.06,0.00,36.01
11.0000,0.0105,0.0037,0.0011,0.0000,0.0077,143.06,18.80,0.06,0.00,37.61
11.1000,0.0099,0.0037,0.0011,0.0000,0.0077,139.52,19.81,0.06,0.00,39.62
11.2000,0.0092,0.0037,0.0011,0.0000,0.0077,136.47,21.16,0.07,0.00,42.32
11.3000,0.0084,0.0037,0.0011,0.0000,0.0077,133.74,23.06,0.07,0.00,46.11
11.4000,0.0077,0.0037,0.0012,0.0000,0.0077,132.50,25.06,0.07,0.00,50.11
11.5000,0.0070,0.0037,0.0012,0.0000,0.0077,132.42,27.21,0.07,0.00,54.41
11.6000,0.0063,0.0037,0.0012,0.0000,0.0077,133.47,29.75,0.07,0.00,59.51
11.7000,0.0058,0.0037,0.0012,0.0000,0.0078,135.82,32.27,0.07,0.00,64.55
11.8000,0.0053,0.0037,0.0012,0.0000,0.0078,138.46,34.64,0.07,0.00,69.28
11.9000,0.0049,0.0037,0.0012,0.0000,0.0078,141.88,37.09,0.07,0.00,74.19
12.0000,0.0045,0.0037,0.0012,0.0000,0.0078,145.30,39.26,0.07,0.00,78.51
12.1000,0.0042,0.0037,0.0012,0.0000,0.0078,150.23,41.63,0.07,0.00,83.25
12.2000,0.0040,0.0037,0.0012,0.0000,0.0078,155.79,42.98,0.07,0.00,85.97
12.3000,0.0040,0.0037,0.0012,0.0000,0.0078,162.42,43.47,0.07,0.00,86.93
12.4000,0.0041,0.0037,0.0012,0.0000,0.0078,168.49,42.86,0.07,0.00,85.73
12.5000,0.0043,0.0037,0.0012,0.0000,0.0078,172.64,41.05,0.07,0.00,82.10
12.6000,0.0045,0.0037,0.0013,0.0000,0.0078,176.21,39.86,0.07,0.00,79.72
12.7000,0.0047,0.0037,0.0013,0.0000,0.0079,178.66,38.63,0.07,0.00,77.25
12.8000,0.0048,0.0037,0.0013,0.0000,0.0079,-178.68,37.82,0.07,0.00,75.65
12.9000,0.0048,0.0037,0.0013,0.0000,0.0079,-176.45,37.48,0.07,0.00,74.96
13.0000,0.0049,0.0037,0.0013,0.0000,0.0079,-172.98,37.34,0.07,0.00,74.67
13.1000,0.0049,0.0037,0.0013,0.0000,0.0079,-168.96,36.93,0.07,0.00,73.86
13.2000,0.0051,0.0037,0.0013,0.0000,0.0079,-164.05,36.12,0.07,0.00,72.23
13.3000,0.0053,0.0037,0.0013,0.0000,0.0079,-159.17,34.61,0.08,0.00,69.21
13.4000,0.0058,0.0037,0.0013,0.0000,0.0079,-155.21,32.41,0.08,0.00,64.82
13.5000,0.0063,0.0037,0.0013,0.0000,0.0079,-152.70,29.99,0.08,0.00,59.97
13.6000,0.0069,0.0037,0.0013,0.0000,0.0079,-151.82,27.75,0.08,0.00,55.51
13.7000,0.0075,0.0037,0.0013,0.0000,0.0080,-151.75,25.77,0.08,0.00,51.54
13.8000,0.0081,0.0037,0.0014,0.0000,0.0080,-152.01,24.14,0.08,0.00,48.28
13.9000,0.0086,0.0037,0.0014,0.0000,0.0080,-153.23,22.84,0.08,0.00,45.68
14.0000,0.0090,0.0038,0.0014,0.0000,0.0080,-154.22,21.93,0.08,0.00,43.87
14.1000,0.0094,0.0038,0.0014,0.0000,0.0080,-154.91,21.10,0.08,0.00,42.19
14.2000,0.0097,0.0038,0.0014,0.0000,0.0080,-155.19,20.34,0.08,0.00,40.68
14.3000,0.0102,0.0038,0.0014,0.0000,0.0080,-155.37,19.54,0.08,0.00,39.08
14.4000,0.0106,0.0038,0.0014,0.0000,0.0080,-155.24,18.72,0.08,0.00,37.44
14.5000,0.0112,0.0038,0.0014,0.0000,0.0080,-155.05,17.78,0.08,0.00,35.57
14.6000,0.0119,0.0038,0.0014,0.0000,0.0081,-155.30,16.80,0.08,0.00,33.61
14.7000,0.0126,0.0038,0.0014,0.0000,0.0081,-155.40,15.90,0.08,0.00,31.81
14.8000,0.0133,0.0038,0.0015,0.0000,0.0081,-156.08,15.08,0.08,0.00,30.17
14.9000,0.0141,0.0038,0.0015,0.0000,0.0081,-156.73,14.33,0.08,0.00,28.66
15.0000,0.0148,0.0038,0.0015,0.0000,0.0081,-157.61,13.61,0.08,0.00,27.23
15.1000,0.0156,0.0038,0.0015,0.0000,0.0081,-158.98,12.98,0.09,0.00,25.97
15.2000,0.0165,0.0038,0.0015,0.0000,0.0081,-160.19,12.31,0.09,0.00,24.61
15.3000,0.0176,0.0038,0.0015,0.0000,0.0081,-161.49,11.57,0.09,0.00,23.14
15.4000,0.0186,0.0038,0.0015,0.0000,0.0082,-163.51,10.94,0.09,0.00,21.88
15.5000,0.0196,0.0038,0.0015,0.0000,0.0082,-165.85,10.38,0.09,0.00,20.75
15.6000,0.0207,0.0038,0.0015,0.0000,0.0082,-168.49,9.87,0.09,0.00,19.74
15.7000,0.0217,0.0038,0.0015,0.0000,0.0082,-171.18,9.41,0.09,0.00,18.82
15.8000,0.0227,0.0038,0.0016,0.0000,0.0082,-173.94,9.00,0.09,0.00,18.01
15.9000,0.0236,0.0038,0.0016,0.0000,0.0082,-176.57,8.68,0.09,0.00,17.36
16.0000,0.0245,0.0038,0.0016,0.0000,0.0082,-179.00,8.35,0.09,0.00,16.69
16.1000,0.0255,0.0038,0.0016,0.0000,0.0082,178.55,8.02,0.09,0.00,16.05
16.2000,0.0265,0.0038,0.0016,0.0000,0.0082,175.95,7.73,0.09,0.00,15.46
16.3000,0.0275,0.0038,0.0016,0.0000,0.0083,173.12,7.46,0.09,0.00,14.92
16.4000,0.0283,0.0038,0.0016,0.0000,0.0083,169.97,7.25,0.09,0.00,14.50
16.5000,0.0290,0.0038,0.0016,0.0000,0.0083,166.63,7.10,0.09,0.00,14.20
16.6000,0.0294,0.0038,0.0016,0.0000,0.0083,163.28,7.00,0.09,0.00,14.01
16.7000,0.0296,0.0038,0.0017,0.0000,0.0083,160.02,6.94,0.10,0.00,13.88
16.8000,0.0298,0.0038,0.0017,0.0000,0.0083,156.97,6.91,0.10,0.00,13.82
16.9000,0.0299,0.0038,0.0017,0.0000,0.0083,154.25,6.89,0.10,0.00,13.79
17.0000,0.0299,0.0038,0.0017,0.0000,0.0084,151.74,6.89,0.10,0.00,13.78
17.1000,0.0300,0.0038,0.0017,0.0000,0.0084,149.57,6.87,0.10,0.00,13.73
17.2000,0.0303,0.0038,0.0017,0.0000,0.0084,147.62,6.81,0.10,0.00,13.63
17.3000,0.0305,0.0038,0.0017,0.0000,0.0084,146.08,6.77,0.10,0.00,13.53
17.4000,0.0308,0.0038,0.0017,0.0000,0.0084,144.77,6.70,0.10,0.00,13.40
17.5000,0.0313,0.0038,0.0018,0.0000,0.0084,143.56,6.60,0.10,0.00,13.20
17.6000,0.0318,0.0038,0.0018,0.0000,0.0084,142.31,6.50,0.10,0.00,12.99
17.7000,0.0324,0.0038,0.0018,0.0000,0.0085,140.97,6.38,0.10,0.00,12.76
17.8000,0.0330,0.0038,0.0018,0.0000,0.0085,139.27,6.27,0.10,0.00,12.54
17.9000,0.0335,0.0038,0.0018,0.0000,0.0085,137.29,6.17,0.10,0.00,12.35
18.0000,0.0340,0.0038,0.0018,0.0000,0.0085,135.15,6.09,0.10,0.00,12.18
18.1000,0.0344,0.0038,0.0018,0.0000,0.0085,132.99,6.02,0.10,0.00,12.04
18.2000,0.0349,0.0038,0.0018,0.0000,0.0085,130.64,5.95,0.11,0.00,11.89
18.3000,0.0352,0.0038,0.0019,0.0000,0.0085,128.32,5.89,0.11,0.00,11.78
18.4000,0.0356,0.0038,0.0019,0.0000,0.0086,126.09,5.83,0.11,0.00,11.66
18.5000,0.0360,0.0039,0.0019,0.0000,0.0086,123.92,5.77,0.11,0.00,11.53
18.6000,0.0365,0.0039,0.0019,0.0000,0.0086,121.62,5.69,0.11,0.00,11.38
18.7000,0.0369,0.0039,0.0019,0.0000,0.0086,119.21,5.63,0.11,0.00,11.26
18.8000,0.0373,0.0039,0.0019,0.0000,0.0086,116.72,5.57,0.11,0.00,11.14
18.9000,0.0376,0.0039,0.0019,0.0000,0.0086,114.12,5.53,0.11,0.00,11.07
19.0000,0.0377,0.0039,0.0019,0.0000,0.0086,111.32,5.52,0.11,0.00,11.05
19.1000,0.0375,0.0039,0.0020,0.0000,0.0087,108.61,5.54,0.11,0.00,11.09
19.2000,0.0373,0.0039,0.0020,0.0000,0.0087,106.03,5.59,0.11,0.00,11.18
19.3000,0.0370,0.0039,0.0020,0.0000,0.0087,103.63,5.63,0.11,0.00,11.27
19.4000,0.0367,0.0039,0.0020,0.0000,0.0087,101.27,5.68,0.11,0.00,11.37
19.5000,0.0364,0.0039,0.0020,0.0000,0.0087,99.01,5.73,0.12,0.00,11.46
19.6000,0.0362,0.0039,0.0020,0.0000,0.0087,96.83,5.76,0.12,0.00,11.51
19.7000,0.0361,0.0039,0.0020,0.0000,0.0088,94.49,5.78,0.12,0.00,11.56
19.8000,0.0359,0.0039,0.0021,0.0000,0.0088,92.11,5.80,0.12,0.00,11.61
19.9000,0.0357,0.0039,0.0021,0.0000,0.0088,89.67,5.84,0.12,0.00,11.68
20.0000,0.0356,0.0039,0.0021,0.0000,0.0088,87.26,5.86,0.12,0.00,11.73
20.1000,0.0354,0.0039,0.0021,0.0000,0.0088,84.92,5.90,0.12,0.00,11.81
20.2000,0.0351,0.0039,0.0021,0.0000,0.0089,82.56,5.94,0.12,0.00,11.88
20.3000,0.0350,0.0039,0.0021,0.0000,0.0089,80.26,5.97,0.12,0.00,11.95
20.4000,0.0348,0.0039,0.0021,0.0000,0.0089,77.87,6.00,0.12,0.00,11.99
20.5000,0.0347,0.0039,0.0022,0.0000,0.0089,75.40,6.03,0.12,0.00,12.06
20.6000,0.0345,0.0039,0.0022,0.0000,0.0089,72.64,6.05,0.12,0.00,12.10
20.7000,0.0343,0.0039,0.0022,0.0000,0.0089,69.66,6.08,0.13,0.00,12.17
20.8000,0.0339,0.0039,0.0022,0.0000,0.0090,66.27,6.17,0.13,0.00,12.33
20.9000,0.0332,0.0039,0.0022,0.0000,0.0090,62.60,6.30,0.13,0.00,12.59
21.0000,0.0322,0.0039,0.0022,0.0000,0.0090,58.81,6.49,0.13,0.00,12.99
21.1000,0.0310,0.0039,0.0022,0.0000,0.0090,55.05,6.74,0.13,0.00,13.48
21.2000,0.0296,0.0039,0.0023,0.0000,0.0090,51.67,7.04,0.13,0.00,14.09
21.3000,0.0284,0.0039,0.0023,0.0000,0.0091,48.70,7.33,0.13,0.00,14.67
21.4000,0.0275,0.0039,0.0023,0.0000,0.0091,46.13,7.58,0.13,0.00,15.15
21.5000,0.0268,0.0039,0.0023,0.0000,0.0091,43.50,7.78,0.13,0.00,15.56
21.6000,0.0260,0.0039,0.0023,0.0000,0.0091,41.13,8.01,0.13,0.00,16.01
21.7000,0.0254,0.0039,0.0023,0.0000,0.0091,38.64,8.19,0.13,0.00,16.38
21.8000,0.0249,0.0039,0.0024,0.0000,0.0092,36.27,8.36,0.14,0.00,16.73
21.9000,0.0243,0.0039,0.0024,0.0000,0.0092,33.40,8.57,0.14,0.00,17.13
22.0000,0.0236,0.0039,0.0024,0.0000,0.0092,30.85,8.84,0.14,0.00,17.69
22.1000,0.0227,0.0039,0.0024,0.0000,0.0092,27.90,9.16,0.14,0.00,18.32
22.2000,0.0219,0.0039,0.0024,0.0000,0.0092,24.77,9.51,0.14,0.00,19.02
22.3000,0.0208,0.0039,0.0024,0.0000,0.0093,20.86,9.99,0.14,0.00,19.99
22.4000,0.0194,0.0039,0.0025,0.0000,0.0093,16.94,10.69,0.14,0.00,21.39
22.5000,0.0182,0.0039,0.0025,0.0000,0.0093,13.83,11.39,0.14,0.00,22.78
22.6000,0.0177,0.0039,0.0025,0.0000,0.0093,11.29,11.73,0.14,0.00,23.47
22.7000,0.0180,0.0039,0.0025,0.0000,0.0093,9.47,11.55,0.14,0.00,23.11
22.8000,0.0179,0.0039,0.0025,0.0000,0.0094,6.56,11.58,0.14,0.00,23.16
22.9000,0.0181,0.0039,0.0025,0.0000,0.0094,3.21,11.48,0.15,0.00,22.97
23.0000,0.0181,0.0039,0.0026,0.0000,0.0094,-1.39,11.48,0.15,0.00,22.96
23.1000,0.0178,0.0039,0.0026,0.0000,0.0094,-6.13,11.64,0.15,0.00,23.28
23.2000,0.0175,0.0040,0.0026,0.0000,0.0095,-10.97,11.89,0.15,0.00,23.78
23.3000,0.0172,0.0040,0.0026,0.0000,0.0095,-15.40,12.06,0.15,0.00,24.12
23.4000,0.0170,0.0040,0.0026,0.0000,0.0095,-20.31,12.23,0.15,0.00,24.46
23.5000,0.0167,0.0040,0.0027,0.0000,0.0095,-24.85,12.44,0.15,0.00,24.87
23.6000,0.0164,0.0040,0.0027,0.0000,0.0096,-28.32,12.69,0.15,0.00,25.38
23.7000,0.0159,0.0040,0.0027,0.0000,0.0096,-29.11,13.03,0.15,0.00,26.06
23.8000,0.0155,0.0040,0.0027,0.0000,0.0096,-30.85,13.38,0.16,0.00,26.77
23.9000,0.0124,0.0040,0.0027,0.0000,0.0096,-47.55,16.61,0.16,0.00,33.22
24.0000,0.0113,0.0040,0.0027,0.0000,0.0097,-73.24,18.18,0.16,0.00,36.37
24.1000,0.0117,0.0040,0.0028,0.0000,0.0097,-87.95,17.57,0.16,0.00,35.13
24.2000,0.0122,0.0040,0.0028,0.0000,0.0097,-97.57,16.83,0.16,0.00,33.65
24.3000,0.0127,0.0040,0.0028,0.0000,0.0097,-106.02,16.28,0.16,0.00,32.56
24.4000,0.0130,0.0040,0.0028,0.0000,0.0098,-113.45,15.86,0.16,0.00,31.72
24.5000,0.0134,0.0040,0.0028,0.0000,0.0098,-120.34,15.38,0.16,0.00,30.77
24.6000,0.0140,0.0040,0.0029,0.0000,0.0098,-126.87,14.77,0.16,0.00,29.54
24.7000,0.0148,0.0040,0.0029,0.0000,0.0098,-133.20,13.99,0.17,0.00,27.99
24.8000,0.0158,0.0040,0.0029,0.0000,0.0099,-139.31,13.17,0.17,0.00,26.33
24.9000,0.0171,0.0040,0.0029,0.0000,0.0099,-145.31,12.20,0.17,0.00,24.41
25.0000,0.0186,0.0040,0.0029,0.0000,0.0099,-149.44,11.21,0.17,0.00,22.42
25.1000,0.0210,0.0040,0.0030,0.0000,0.0099,-154.93,9.98,0.17,0.00,19.97
25.2000,0.0235,0.0040,0.0030,0.0000,0.0100,-158.42,8.94,0.17,0.00,17.89
25.3000,0.0254,0.0040,0.0030,0.0000,0.0100,-161.95,8.29,0.17,0.00,16.58
25.4000,0.0264,0.0040,0.0030,0.0000,0.0100,-164.66,7.98,0.17,0.00,15.97
25.5000,0.0278,0.0040,0.0030,0.0000,0.0101,-166.34,7.59,0.17,0.00,15.18
25.6000,0.0288,0.0040,0.0031,0.0000,0.0101,-169.92,7.33,0.18,0.00,14.66
25.7000,0.0298,0.0040,0.0031,0.0000,0.0101,-174.43,7.11,0.18,0.00,14.22
25.8000,0.0307,0.0040,0.0031,0.0000,0.0101,-178.25,6.89,0.18,0.00,13.79
25.9000,0.0319,0.0040,0.0031,0.0000,0.0102,177.87,6.64,0.18,0.00,13.28
26.0000,0.0331,0.0040,0.0032,0.0000,0.0102,173.97,6.41,0.18,0.00,12.82
26.1000,0.0342,0.0040,0.0032,0.0000,0.0102,170.01,6.22,0.18,0.00,12.45
26.2000,0.0351,0.0040,0.0032,0.0000,0.0103,166.26,6.07,0.18,0.00,12.14
26.3000,0.0361,0.0040,0.0032,0.0000,0.0103,162.83,5.90,0.18,0.00,11.80
26.4000,0.0370,0.0040,0.0032,0.0000,0.0103,159.69,5.76,0.19,0.00,11.53
26.5000,0.0378,0.0040,0.0033,0.0000,0.0104,156.79,5.65,0.19,0.00,11.30
26.6000,0.0385,0.0040,0.0033,0.0000,0.0104,154.13,5.54,0.19,0.00,11.09
26.7000,0.0392,0.0040,0.0033,0.0000,0.0104,151.65,5.46,0.19,0.00,10.92
26.8000,0.0398,0.0040,0.0033,0.0000,0.0105,148.95,5.37,0.19,0.00,10.75
26.9000,0.0404,0.0040,0.0034,0.0000,0.0105,146.29,5.30,0.19,0.00,10.60
27.0000,0.0410,0.0040,0.0034,0.0000,0.0105,143.59,5.22,0.19,0.00,10.46
27.1000,0.0415,0.0040,0.0034,0.0000,0.0106,141.41,5.17,0.20,0.00,10.35
27.2000,0.0420,0.0040,0.0034,0.0000,0.0106,139.39,5.11,0.20,0.00,10.23
27.3000,0.0426,0.0040,0.0035,0.0000,0.0106,137.79,5.05,0.20,0.00,10.10
27.4000,0.0434,0.0040,0.0035,0.0000,0.0107,136.53,4.95,0.20,0.00,9.91
27.5000,0.0444,0.0040,0.0035,0.0000,0.0107,135.31,4.85,0.20,0.00,9.71
27.6000,0.0457,0.0040,0.0035,0.0000,0.0107,134.11,4.72,0.20,0.00,9.45
27.7000,0.0471,0.0040,0.0035,0.0000,0.0108,132.69,4.59,0.20,0.00,9.19
27.8000,0.0487,0.0040,0.0036,0.0000,0.0108,130.89,4.45,0.20,0.00,8.91
27.9000,0.0501,0.0040,0.0036,0.0000,0.0108,128.71,4.33,0.21,0.00,8.66
28.0000,0.0515,0.0040,0.0036,0.0000,0.0109,126.30,4.22,0.21,0.00,8.44
28.1000,0.0528,0.0040,0.0036,0.0000,0.0109,123.63,4.12,0.21,0.00,8.25
28.2000,0.0540,0.0041,0.0037,0.0000,0.0109,120.91,4.04,0.21,0.00,8.08
28.3000,0.0551,0.0041,0.0037,0.0000,0.0110,118.22,3.97,0.21,0.00,7.94
28.4000,0.0561,0.0041,0.0037,0.0000,0.0110,115.45,3.90,0.21,0.00,7.81
28.5000,0.0570,0.0041,0.0037,0.0000,0.0111,112.78,3.84,0.21,0.00,7.70
28.6000,0.0580,0.0041,0.0038,0.0000,0.0111,110.16,3.78,0.22,0.00,7.58
28.7000,0.0588,0.0041,0.0038,0.0000,0.0111,107.60,3.74,0.22,0.00,7.49
28.8000,0.0594,0.0041,0.0038,0.0000,0.0112,105.06,3.71,0.22,0.00,7.42
28.9000,0.0598,0.0041,0.0039,0.0000,0.0112,102.43,3.69,0.22,0.00,7.39
29.0000,0.0600,0.0041,0.0039,0.0000,0.0112,99.63,3.68,0.22,0.00,7.37
29.1000,0.0599,0.0041,0.0039,0.0000,0.0113,96.71,3.68,0.22,0.00,7.37
29.2000,0.0597,0.0041,0.0039,0.0000,0.0113,93.83,3.70,0.23,0.00,7.41
29.3000,0.0594,0.0041,0.0040,0.0000,0.0114,91.03,3.71,0.23,0.00,7.44
29.4000,0.0590,0.0041,0.0040,0.0000,0.0114,88.36,3.74,0.23,0.00,7.49
29.5000,0.0588,0.0041,0.0040,0.0000,0.0114,86.00,3.75,0.23,0.00,7.51
29.6000,0.0587,0.0041,0.0040,0.0000,0.0115,83.74,3.76,0.23,0.00,7.54
29.7000,0.0587,0.0041,0.0041,0.0000,0.0115,81.74,3.76,0.23,0.00,7.54
29.8000,0.0588,0.0041,0.0041,0.0000,0.0116,80.09,3.76,0.24,0.00,7.53
29.9000,0.0593,0.0041,0.0041,0.0000,0.0116,78.30,3.73,0.24,0.00,7.47
30.0000,0.0600,0.0041,0.0042,0.0000,0.0117,76.33,3.69,0.24,0.00,7.40
30.1000,0.0611,0.0041,0.0042,0.0000,0.0117,74.09,3.63,0.24,0.00,7.28
30.2000,0.0618,0.0041,0.0042,0.0000,0.0118,71.49,3.59,0.24,0.00,7.21
30.3000,0.0617,0.0041,0.0042,0.0000,0.0118,68.73,3.60,0.24,0.00,7.23
30.4000,0.0608,0.0041,0.0043,0.0000,0.0118,66.26,3.65,0.24,0.00,7.32
30.5000,0.0600,0.0041,0.0043,0.0000,0.0119,64.14,3.70,0.25,0.00,7.42
30.6000,0.0592,0.0041,0.0043,0.0000,0.0119,62.21,3.75,0.25,0.00,7.51
30.7000,0.0586,0.0041,0.0044,0.0000,0.0120,60.32,3.78,0.25,0.00,7.58
30.8000,0.0583,0.0041,0.0044,0.0000,0.0120,58.48,3.81,0.25,0.00,7.63
30.9000,0.0582,0.0041,0.0044,0.0000,0.0121,56.49,3.81,0.25,0.00,7.64
31.0000,0.0580,0.0041,0.0045,0.0000,0.0121,54.25,3.83,0.26,0.00,7.67
31.1000,0.0575,0.0041,0.0045,0.0000,0.0122,51.74,3.86,0.26,0.00,7.73
31.2000,0.0564,0.0041,0.0045,0.0000,0.0122,49.29,3.93,0.26,0.00,7.87
31.3000,0.0552,0.0041,0.0045,0.0000,0.0123,47.03,4.01,0.26,0.00,8.04
31.4000,0.0539,0.0041,0.0046,0.0000,0.0123,45.62,4.10,0.26,0.00,8.22
31.5000,0.0518,0.0041,0.0046,0.0000,0.0124,44.31,4.26,0.26,0.00,8.54
31.6000,0.0498,0.0041,0.0046,0.0000,0.0124,43.46,4.42,0.27,0.00,8.85
31.7000,0.0485,0.0041,0.0047,0.0000,0.0125,42.54,4.53,0.27,0.00,9.08
31.8000,0.0477,0.0041,0.0047,0.0000,0.0125,41.01,4.60,0.27,0.00,9.22
31.9000,0.0473,0.0041,0.0047,0.0000,0.0126,39.05,4.64,0.27,0.00,9.30
32.0000,0.0469,0.0041,0.0048,0.0000,0.0126,36.83,4.69,0.27,0.00,9.39
32.1000,0.0463,0.0041,0.0048,0.0000,0.0127,34.82,4.74,0.28,0.00,9.50
32.2000,0.0457,0.0041,0.0048,0.0000,0.0127,32.54,4.80,0.28,0.00,9.62
32.3000,0.0450,0.0041,0.0049,0.0000,0.0128,30.58,4.87,0.28,0.00,9.75
32.4000,0.0443,0.0041,0.0049,0.0000,0.0128,28.67,4.95,0.28,0.00,9.92
32.5000,0.0435,0.0041,0.0049,0.0000,0.0129,26.94,5.03,0.28,0.00,10.08
32.6000,0.0428,0.0041,0.0050,0.0000,0.0129,25.11,5.12,0.29,0.00,10.26
32.7000,0.0420,0.0041,0.0050,0.0000,0.0130,22.87,5.21,0.29,0.00,10.44
32.8000,0.0410,0.0041,0.0050,0.0000,0.0131,20.13,5.33,0.29,0.00,10.68
32.9000,0.0399,0.0041,0.0051,0.0000,0.0131,17.06,5.48,0.29,0.00,10.97
33.0000,0.0386,0.0041,0.0051,0.0000,0.0132,13.72,5.65,0.29,0.00,11.32

