0.2000,0.0118,0.0034,0.0005,0.0000,0.0069,-8.81,16.22,0.03,0.00,32.44
0.3000,0.0119,0.0034,0.0005,0.0000,0.0069,-14.37,16.05,0.03,0.00,32.11
0.4000,0.0119,0.0034,0.0005,0.0000,0.0069,-19.93,15.95,0.03,0.00,31.91
0.5000,0.0119,0.0034,0.0005,0.0000,0.0068,-25.53,15.88,0.03,0.00,31.75
0.6000,0.0120,0.0034,0.0005,0.0000,0.0068,-31.13,15.83,0.03,0.00,31.66
0.7000,0.0118,0.0034,0.0005,0.0000,0.0069,-36.86,15.98,0.03,0.00,31.96
0.8000,0.0118,0.0034,0.0006,0.0000,0.0069,-42.37,16.05,0.03,0.00,32.09
0.9000,0.0117,0.0034,0.0006,0.0000,0.0069,-48.19,16.20,0.03,0.00,32.41
1.0000,0.0116,0.0034,0.0006,0.0000,0.0069,-54.14,16.31,0.03,0.00,32.62
1.1000,0.0115,0.0034,0.0006,0.0000,0.0069,-61.22,16.52,0.03,0.00,33.04
1.2000,0.0116,0.0034,0.0006,0.0000,0.0069,-68.82,16.30,0.03,0.00,32.60
1.3000,0.0121,0.0034,0.0006,0.0000,0.0069,-78.34,15.72,0.03,0.00,31.44
1.4000,0.0127,0.0034,0.0006,0.0000,0.0069,-87.84,14.97,0.03,0.00,29.94
1.5000,0.0131,0.0034,0.0006,0.0000,0.0069,-94.68,14.59,0.03,0.00,29.19
1.6000,0.0130,0.0034,0.0006,0.0000,0.0069,-100.55,14.62,0.03,0.00,29.25
1.7000,0.0129,0.0034,0.0006,0.0000,0.0069,-105.82,14.79,0.03,0.00,29.57
1.8000,0.0127,0.0034,0.0006,0.0000,0.0069,-111.37,15.04,0.03,0.00,30.07
1.9000,0.0125,0.0034,0.0006,0.0000,0.0069,-116.83,15.24,0.03,0.00,30.49
2.0000,0.0124,0.0034,0.0006,0.0000,0.0069,-122.36,15.37,0.03,0.00,30.74
2.1000,0.0124,0.0034,0.0006,0.0000,0.0070,-128.19,15.46,0.03,0.00,30.92
2.2000,0.0124,0.0034,0.0006,0.0000,0.0070,-134.42,15.45,0.03,0.00,30.90
2.3000,0.0125,0.0034,0.0006,0.0000,0.0070,-140.65,15.35,0.04,0.00,30.70
2.4000,0.0125,0.0034,0.0006,0.0000,0.0070,-147.08,15.25,0.04,0.00,30.50
2.5000,0.0128,0.0034,0.0006,0.0000,0.0070,-153.93,15.02,0.04,0.00,30.04
2.6000,0.0129,0.0034,0.0006,0.0000,0.0070,-160.97,14.92,0.04,0.00,29.84
2.7000,0.0128,0.0034,0.0006,0.0000,0.0070,-167.99,14.99,0.04,0.00,29.98
2.8000,0.0126,0.0034,0.0006,0.0000,0.0070,-174.93,15.21,0.04,0.00,30.43
2.9000,0.0123,0.0035,0.0006,0.0000,0.0070,178.47,15.64,0.04,0.00,31.29
3.0000,0.0118,0.0035,0.0006,0.0000,0.0070,172.16,16.22,0.04,0.00,32.43
3.1000,0.0114,0.0035,0.0006,0.0000,0.0070,166.38,16.79,0.04,0.00,33.58
3.2000,0.0111,0.0035,0.0007,0.0000,0.0070,160.58,17.29,0.04,0.00,34.57
3.3000,0.0107,0.0035,0.0007,0.0000,0.0071,155.13,17.80,0.04,0.00,35.60
3.4000,0.0105,0.0035,0.0007,0.0000,0.0071,149.82,18.12,0.04,0.00,36.24
3.5000,0.0104,0.0035,0.0007,0.0000,0.0071,144.65,18.40,0.04,0.00,36.80
3.6000,0.0103,0.0035,0.0007,0.0000,0.0071,139.31,18.48,0.04,0.00,36.96
3.7000,0.0103,0.0035,0.0007,0.0000,0.0071,133.30,18.62,0.04,0.00,37.24
3.8000,0.0102,0.0035,0.0007,0.0000,0.0071,126.73,18.71,0.04,0.00,37.42
3.9000,0.0101,0.0035,0.0007,0.0000,0.0071,119.60,18.90,0.04,0.00,37.81
4.0000,0.0100,0.0035,0.0007,0.0000,0.0071,112.38,19.17,0.04,0.00,38.35
4.1000,0.0097,0.0035,0.0007,0.0000,0.0071,104.73,19.58,0.04,0.00,39.16
4.2000,0.0095,0.0035,0.0007,0.0000,0.0071,96.80,20.14,0.04,0.00,40.29
4.3000,0.0092,0.0035,0.0007,0.0000,0.0071,89.37,20.72,0.04,0.00,41.43
4.4000,0.0089,0.0035,0.0007,0.0000,0.0071,82.36,21.38,0.04,0.00,42.75
4.5000,0.0087,0.0035,0.0007,0.0000,0.0071,75.66,21.93,0.04,0.00,43.86
4.6000,0.0084,0.0035,0.0007,0.0000,0.0072,69.26,22.51,0.04,0.00,45.01
4.7000,0.0082,0.0035,0.0007,0.0000,0.0072,62.92,22.94,0.04,0.00,45.88
4.8000,0.0081,0.0035,0.0007,0.0000,0.0072,56.26,23.29,0.04,0.00,46.57
4.9000,0.0081,0.0035,0.0007,0.0000,0.0072,48.67,23.34,0.04,0.00,46.68
5.0000,0.0081,0.0035,0.0007,0.0000,0.0072,39.79,23.35,0.04,0.00,46.70
5.1000,0.0082,0.0035,0.0007,0.0000,0.0072,29.96,23.02,0.04,0.00,46.04
5.2000,0.0084,0.0035,0.0007,0.0000,0.0072,19.75,22.65,0.04,0.00,45.31
5.3000,0.0085,0.0035,0.0008,0.0000,0.0072,9.54,22.32,0.04,0.00,44.65
5.4000,0.0086,0.0035,0.0008,0.0000,0.0072,-0.22,22.06,0.04,0.00,44.12
5.5000,0.0087,0.0035,0.0008,0.0000,0.0072,-9.25,22.01,0.04,0.00,44.03
5.6000,0.0087,0.0035,0.0008,0.0000,0.0072,-17.91,21.99,0.04,0.00,43.98
5.7000,0.0086,0.0035,0.0008,0.0000,0.0072,-26.09,22.20,0.04,0.00,44.41
5.8000,0.0085,0.0035,0.0008,0.0000,0.0073,-34.03,22.43,0.04,0.00,44.87
5.9000,0.0084,0.0035,0.0008,0.0000,0.0073,-41.61,22.78,0.05,0.00,45.57
6.0000,0.0082,0.0035,0.0008,0.0000,0.0073,-49.58,23.11,0.05,0.00,46.21
6.1000,0.0082,0.0035,0.0008,0.0000,0.0073,-57.54,23.28,0.05,0.00,46.57
6.2000,0.0083,0.0036,0.0008,0.0000,0.0073,-65.92,23.06,0.05,0.00,46.11
6.3000,0.0085,0.0036,0.0008,0.0000,0.0073,-73.97,22.40,0.05,0.00,44.79
6.4000,0.0090,0.0036,0.0008,0.0000,0.0073,-82.26,21.42,0.05,0.00,42.84
6.5000,0.0094,0.0036,0.0008,0.0000,0.0073,-89.95,20.40,0.05,0.00,40.80
6.6000,0.0099,0.0036,0.0008,0.0000,0.0073,-97.29,19.59,0.05,0.00,39.18
6.7000,0.0102,0.0036,0.0008,0.0000,0.0073,-104.43,19.02,0.05,0.00,38.04
6.8000,0.0104,0.0036,0.0008,0.0000,0.0073,-111.50,18.61,0.05,0.00,37.22
6.9000,0.0106,0.0036,0.0008,0.0000,0.0073,-118.65,18.26,0.05,0.00,36.53
7.0000,0.0108,0.0036,0.0008,0.0000,0.0073,-125.69,18.01,0.05,0.00,36.01
7.1000,0.0110,0.0036,0.0009,0.0000,0.0074,-132.81,17.70,0.05,0.00,35.40
7.2000,0.0112,0.0036,0.0009,0.0000,0.0074,-140.09,17.34,0.05,0.00,34.69
7.3000,0.0116,0.0036,0.0009,0.0000,0.0074,-147.59,16.86,0.05,0.00,33.72
7.4000,0.0121,0.0036,0.0009,0.0000,0.0074,-155.02,16.21,0.05,0.00,32.42
7.5000,0.0126,0.0036,0.0009,0.0000,0.0074,-162.53,15.51,0.05,0.00,31.02
7.6000,0.0131,0.0036,0.0009,0.0000,0.0074,-169.48,14.94,0.05,0.00,29.88
7.7000,0.0137,0.0036,0.0009,0.0000,0.0074,-176.01,14.35,0.05,0.00,28.70
7.8000,0.0140,0.0036,0.0009,0.0000,0.0074,178.26,14.05,0.05,0.00,28.10
7.9000,0.0142,0.0036,0.0009,0.0000,0.0074,172.98,13.92,0.05,0.00,27.84
8.0000,0.0142,0.0036,0.0009,0.0000,0.0074,167.88,13.90,0.05,0.00,27.80
8.1000,0.0142,0.0036,0.0009,0.0000,0.0074,162.76,13.87,0.05,0.00,27.74
8.2000,0.0143,0.0036,0.0009,0.0000,0.0074,157.55,13.80,0.05,0.00,27.60
8.3000,0.0145,0.0036,0.0009,0.0000,0.0075,152.23,13.65,0.05,0.00,27.30
8.4000,0.0147,0.0036,0.0009,0.0000,0.0075,146.58,13.41,0.05,0.00,26.83
8.5000,0.0150,0.0036,0.0009,0.0000,0.0075,140.76,13.17,0.05,0.00,26.34
8.6000,0.0153,0.0036,0.0009,0.0000,0.0075,134.77,12.90,0.05,0.00,25.81
8.7000,0.0156,0.0036,0.0010,0.0000,0.0075,128.53,12.68,0.05,0.00,25.35
8.8000,0.0159,0.0036,0.0010,0.0000,0.0075,122.10,12.50,0.06,0.00,25.00
8.9000,0.0159,0.0036,0.0010,0.0000,0.0075,115.49,12.45,0.06,0.00,24.90
9.0000,0.0158,0.0036,0.0010,0.0000,0.0075,108.90,12.56,0.06,0.00,25.11
9.1000,0.0155,0.0036,0.0010,0.0000,0.0075,102.36,12.79,0.06,0.00,25.58
9.2000,0.0151,0.0036,0.0010,0.0000,0.0075,96.12,13.13,0.06,0.00,26.25
9.3000,0.0147,0.0036,0.0010,0.0000,0.0075,90.19,13.47,0.06,0.00,26.95
9.4000,0.0143,0.0036,0.0010,0.0000,0.0075,84.55,13.81,0.06,0.00,27.63
9.5000,0.0142,0.0036,0.0010,0.0000,0.0076,79.33,14.00,0.06,0.00,27.99
9.6000,0.0140,0.0036,0.0010,0.0000,0.0076,74.35,14.16,0.06,0.00,28.32
9.7000,0.0139,0.0036,0.0010,0.0000,0.0076,69.50,14.24,0.06,0.00,28.49
9.8000,0.0139,0.0036,0.0010,0.0000,0.0076,64.69,14.30,0.06,0.00,28.61
9.9000,0.0139,0.0037,0.0010,0.0000,0.0076,60.00,14.29,0.06,0.00,28.57
10.0000,0.0139,0.0037,0.0010,0.0000,0.0076,55.18,14.27,0.06,0.00,28.53
10.1000,0.0140,0.0037,0.0011,0.0000,0.0076,50.02,14.20,0.06,0.00,28.40
10.2000,0.0140,0.0037,0.0011,0.0000,0.0076,44.52,14.14,0.06,0.00,28.29
10.3000,0.0141,0.0037,0.0011,0.0000,0.0076,38.71,14.08,0.06,0.00,28.16
10.4000,0.0141,0.0037,0.0011,0.0000,0.0076,32.49,14.07,0.06,0.00,28.14
10.5000,0.0141,0.0037,0.0011,0.0000,0.0076,26.22,14.09,0.06,0.00,28.17
10.6000,0.0141,0.0037,0.0011,0.0000,0.0077,19.80,14.12,0.06,0.00,28.23
10.7000,0.0141,0.0037,0.0011,0.0000,0.0077,13.74,14.15,0.06,0.00,28.29
10.8000,0.0141,0.0037,0.0011,0.0000,0.0077,7.61,14.16,0.06,0.00,28.32
10.9000,0.0140,0.0037,0.0011,0.0000,0.0077,1.60,14.23,0.06,0.00,28.46
11.0000,0.0140,0.0037,0.0011,0.0000,0.0077,-4.32,14.20,0.06,0.00,28.39
11.1000,0.0141,0.0037,0.0011,0.0000,0.0077,-10.33,14.15,0.06,0.00,28.31
11.2000,0.0142,0.0037,0.0011,0.0000,0.0077,-16.68,14.08,0.07,0.00,28.16
11.3000,0.0143,0.0037,0.0011,0.0000,0.0077,-23.33,13.92,0.07,0.00,27.85
11.4000,0.0143,0.0037,0.0012,0.0000,0.0077,-30.47,13.92,0.07,0.00,27.83
11.5000,0.0143,0.0037,0.0012,0.0000,0.0077,-37.88,13.97,0.07,0.00,27.94
11.6000,0.0143,0.0037,0.0012,0.0000,0.0077,-45.42,13.99,0.07,0.00,27.99
11.7000,0.0142,0.0037,0.0012,0.0000,0.0078,-53.09,14.06,0.07,0.00,28.12
11.8000,0.0141,0.0037,0.0012,0.0000,0.0078,-60.53,14.16,0.07,0.00,28.31
11.9000,0.0140,0.0037,0.0012,0.0000,0.0078,-67.99,14.24,0.07,0.00,28.47
12.0000,0.0139,0.0037,0.0012,0.0000,0.0078,-75.14,14.40,0.07,0.00,28.80
12.1000,0.0138,0.0037,0.0012,0.0000,0.0078,-82.29,14.47,0.07,0.00,28.94
12.2000,0.0137,0.0037,0.0012,0.0000,0.0078,-89.64,14.61,0.07,0.00,29.22
12.3000,0.0136,0.0037,0.0012,0.0000,0.0078,-97.19,14.72,0.07,0.00,29.45
12.4000,0.0135,0.0037,0.0012,0.0000,0.0078,-104.86,14.85,0.07,0.00,29.71
12.5000,0.0133,0.0037,0.0012,0.0000,0.0078,-113.03,15.05,0.07,0.00,30.10
12.6000,0.0131,0.0037,0.0013,0.0000,0.0078,-120.83,15.27,0.07,0.00,30.54
12.7000,0.0129,0.0037,0.0013,0.0000,0.0079,-128.79,15.54,0.07,0.00,31.08
12.8000,0.0126,0.0037,0.0013,0.0000,0.0079,-136.32,15.80,0.07,0.00,31.61
12.9000,0.0123,0.0037,0.0013,0.0000,0.0079,-144.01,16.19,0.07,0.00,32.39
13.0000,0.0120,0.0037,0.0013,0.0000,0.0079,-151.28,16.62,0.07,0.00,33.25
13.1000,0.0117,0.0037,0.0013,0.0000,0.0079,-158.39,17.07,0.07,0.00,34.14
13.2000,0.0113,0.0037,0.0013,0.0000,0.0079,-165.42,17.55,0.07,0.00,35.11
13.3000,0.0110,0.0037,0.0013,0.0000,0.0079,-172.46,18.01,0.08,0.00,36.02
13.4000,0.0108,0.0037,0.0013,0.0000,0.0079,-179.56,18.42,0.08,0.00,36.83
13.5000,0.0106,0.0037,0.0013,0.0000,0.0079,173.07,18.75,0.08,0.00,37.49
13.6000,0.0105,0.0037,0.0013,0.0000,0.0079,165.02,18.98,0.08,0.00,37.95
13.7000,0.0103,0.0037,0.0013,0.0000,0.0080,156.60,19.21,0.08,0.00,38.42
13.8000,0.0102,0.0037,0.0014,0.0000,0.0080,147.92,19.37,0.08,0.00,38.73
13.9000,0.0102,0.0037,0.0014,0.0000,0.0080,138.51,19.39,0.08,0.00,38.78
14.0000,0.0102,0.0038,0.0014,0.0000,0.0080,128.40,19.46,0.08,0.00,38.91
14.1000,0.0102,0.0038,0.0014,0.0000,0.0080,118.19,19.53,0.08,0.00,39.06
14.2000,0.0102,0.0038,0.0014,0.0000,0.0080,107.88,19.55,0.08,0.00,39.09
14.3000,0.0102,0.0038,0.0014,0.0000,0.0080,97.54,19.48,0.08,0.00,38.96
14.4000,0.0102,0.0038,0.0014,0.0000,0.0080,87.13,19.42,0.08,0.00,38.85
14.5000,0.0103,0.0038,0.0014,0.0000,0.0080,76.89,19.33,0.08,0.00,38.66
14.6000,0.0104,0.0038,0.0014,0.0000,0.0081,66.98,19.16,0.08,0.00,38.33
14.7000,0.0105,0.0038,0.0014,0.0000,0.0081,56.80,18.88,0.08,0.00,37.77
14.8000,0.0109,0.0038,0.0015,0.0000,0.0081,46.88,18.38,0.08,0.00,36.75
14.9000,0.0112,0.0038,0.0015,0.0000,0.0081,36.99,17.81,0.08,0.00,35.61
15.0000,0.0117,0.0038,0.0015,0.0000,0.0081,27.41,17.15,0.08,0.00,34.30
15.1000,0.0122,0.0038,0.0015,0.0000,0.0081,18.67,16.39,0.09,0.00,32.78
15.2000,0.0128,0.0038,0.0015,0.0000,0.0081,9.63,15.77,0.09,0.00,31.55
15.3000,0.0132,0.0038,0.0015,0.0000,0.0081,0.60,15.30,0.09,0.00,30.60
15.4000,0.0136,0.0038,0.0015,0.0000,0.0082,-7.27,14.81,0.09,0.00,29.62
15.5000,0.0141,0.0038,0.0015,0.0000,0.0082,-14.87,14.36,0.09,0.00,28.71
15.6000,0.0145,0.0038,0.0015,0.0000,0.0082,-22.08,13.94,0.09,0.00,27.89
15.7000,0.0149,0.0038,0.0015,0.0000,0.0082,-29.08,13.55,0.09,0.00,27.11
15.8000,0.0154,0.0038,0.0016,0.0000,0.0082,-35.95,13.18,0.09,0.00,26.36
15.9000,0.0160,0.0038,0.0016,0.0000,0.0082,-42.70,12.70,0.09,0.00,25.40
16.0000,0.0166,0.0038,0.0016,0.0000,0.0082,-49.75,12.25,0.09,0.00,24.50
16.1000,0.0172,0.0038,0.0016,0.0000,0.0082,-56.93,11.85,0.09,0.00,23.70
16.2000,0.0178,0.0038,0.0016,0.0000,0.0082,-63.96,11.46,0.09,0.00,22.92
16.3000,0.0183,0.0038,0.0016,0.0000,0.0083,-70.85,11.17,0.09,0.00,22.34
16.4000,0.0187,0.0038,0.0016,0.0000,0.0083,-76.95,10.91,0.09,0.00,21.83
16.5000,0.0191,0.0038,0.0016,0.0000,0.0083,-82.57,10.70,0.09,0.00,21.40
16.6000,0.0195,0.0038,0.0016,0.0000,0.0083,-87.66,10.49,0.09,0.00,20.98
16.7000,0.0199,0.0038,0.0017,0.0000,0.0083,-92.61,10.28,0.10,0.00,20.55
16.8000,0.0204,0.0038,0.0017,0.0000,0.0083,-97.39,10.02,0.10,0.00,20.05
16.9000,0.0210,0.0038,0.0017,0.0000,0.0083,-102.23,9.73,0.10,0.00,19.47
17.0000,0.0217,0.0038,0.0017,0.0000,0.0084,-107.14,9.44,0.10,0.00,18.89
17.1000,0.0225,0.0038,0.0017,0.0000,0.0084,-112.41,9.12,0.10,0.00,18.25
17.2000,0.0233,0.0038,0.0017,0.0000,0.0084,-118.16,8.80,0.10,0.00,17.60
17.3000,0.0244,0.0038,0.0017,0.0000,0.0084,-123.85,8.43,0.10,0.00,16.87
17.4000,0.0255,0.0038,0.0017,0.0000,0.0084,-129.72,8.06,0.10,0.00,16.12
17.5000,0.0267,0.0038,0.0018,0.0000,0.0084,-135.71,7.71,0.10,0.00,15.41
17.6000,0.0279,0.0038,0.0018,0.0000,0.0084,-141.69,7.38,0.10,0.00,14.76
17.7000,0.0291,0.0038,0.0018,0.0000,0.0085,-147.65,7.09,0.10,0.00,14.17
17.8000,0.0301,0.0038,0.0018,0.0000,0.0085,-153.72,6.86,0.10,0.00,13.73
17.9000,0.0309,0.0038,0.0018,0.0000,0.0085,-159.69,6.68,0.10,0.00,13.36
18.0000,0.0317,0.0038,0.0018,0.0000,0.0085,-165.61,6.53,0.10,0.00,13.07
18.1000,0.0323,0.0038,0.0018,0.0000,0.0085,-171.49,6.41,0.10,0.00,12.82
18.2000,0.0329,0.0038,0.0018,0.0000,0.0085,-177.59,6.30,0.11,0.00,12.59
18.3000,0.0335,0.0038,0.0019,0.0000,0.0085,176.47,6.19,0.11,0.00,12.38
18.4000,0.0341,0.0038,0.0019,0.0000,0.0086,170.48,6.08,0.11,0.00,12.16
18.5000,0.0348,0.0039,0.0019,0.0000,0.0086,164.51,5.96,0.11,0.00,11.92
18.6000,0.0355,0.0039,0.0019,0.0000,0.0086,158.33,5.85,0.11,0.00,11.69
18.7000,0.0362,0.0039,0.0019,0.0000,0.0086,152.13,5.74,0.11,0.00,11.49
18.8000,0.0368,0.0039,0.0019,0.0000,0.0086,145.91,5.65,0.11,0.00,11.30
18.9000,0.0373,0.0039,0.0019,0.0000,0.0086,139.63,5.57,0.11,0.00,11.14
19.0000,0.0377,0.0039,0.0019,0.0000,0.0086,133.28,5.53,0.11,0.00,11.05
19.1000,0.0379,0.0039,0.0020,0.0000,0.0087,127.07,5.50,0.11,0.00,10.99
19.2000,0.0380,0.0039,0.0020,0.0000,0.0087,120.93,5.48,0.11,0.00,10.96
19.3000,0.0382,0.0039,0.0020,0.0000,0.0087,114.88,5.46,0.11,0.00,10.91
19.4000,0.0384,0.0039,0.0020,0.0000,0.0087,108.80,5.43,0.11,0.00,10.87
19.5000,0.0386,0.0039,0.0020,0.0000,0.0087,102.75,5.41,0.12,0.00,10.82
19.6000,0.0390,0.0039,0.0020,0.0000,0.0087,96.63,5.36,0.12,0.00,10.72
19.7000,0.0394,0.0039,0.0020,0.0000,0.0088,90.42,5.30,0.12,0.00,10.61
19.8000,0.0398,0.0039,0.0021,0.0000,0.0088,84.08,5.25,0.12,0.00,10.50
19.9000,0.0403,0.0039,0.0021,0.0000,0.0088,77.72,5.19,0.12,0.00,10.39
20.0000,0.0408,0.0039,0.0021,0.0000,0.0088,71.40,5.13,0.12,0.00,10.26
20.1000,0.0413,0.0039,0.0021,0.0000,0.0088,65.07,5.07,0.12,0.00,10.14
20.2000,0.0418,0.0039,0.0021,0.0000,0.0089,58.80,5.01,0.12,0.00,10.02
20.3000,0.0424,0.0039,0.0021,0.0000,0.0089,52.56,4.94,0.12,0.00,9.89
20.4000,0.0431,0.0039,0.0021,0.0000,0.0089,46.34,4.87,0.12,0.00,9.74
20.5000,0.0438,0.0039,0.0022,0.0000,0.0089,40.08,4.79,0.12,0.00,9.59
20.6000,0.0446,0.0039,0.0022,0.0000,0.0089,33.73,4.71,0.12,0.00,9.41
20.7000,0.0456,0.0039,0.0022,0.0000,0.0089,27.29,4.61,0.13,0.00,9.23
20.8000,0.0466,0.0039,0.0022,0.0000,0.0090,20.57,4.52,0.13,0.00,9.04
20.9000,0.0476,0.0039,0.0022,0.0000,0.0090,13.55,4.43,0.13,0.00,8.85
21.0000,0.0485,0.0039,0.0022,0.0000,0.0090,6.36,4.35,0.13,0.00,8.69
21.1000,0.0495,0.0039,0.0022,0.0000,0.0090,-0.90,4.27,0.13,0.00,8.54
21.2000,0.0503,0.0039,0.0023,0.0000,0.0090,-8.00,4.20,0.13,0.00,8.41
21.3000,0.0510,0.0039,0.0023,0.0000,0.0091,-14.81,4.15,0.13,0.00,8.29
21.4000,0.0518,0.0039,0.0023,0.0000,0.0091,-21.18,4.09,0.13,0.00,8.18
21.5000,0.0526,0.0039,0.0023,0.0000,0.0091,-27.34,4.02,0.13,0.00,8.05
21.6000,0.0534,0.0039,0.0023,0.0000,0.0091,-33.47,3.97,0.13,0.00,7.94
21.7000,0.0543,0.0039,0.0023,0.0000,0.0091,-39.37,3.91,0.13,0.00,7.83
21.8000,0.0551,0.0039,0.0024,0.0000,0.0092,-45.16,3.86,0.14,0.00,7.72
21.9000,0.0561,0.0039,0.0024,0.0000,0.0092,-51.02,3.79,0.14,0.00,7.59
22.0000,0.0569,0.0039,0.0024,0.0000,0.0092,-57.01,3.74,0.14,0.00,7.49
22.1000,0.0579,0.0039,0.0024,0.0000,0.0092,-63.03,3.69,0.14,0.00,7.38
22.2000,0.0589,0.0039,0.0024,0.0000,0.0092,-69.04,3.63,0.14,0.00,7.26
22.3000,0.0602,0.0039,0.0024,0.0000,0.0093,-75.21,3.55,0.14,0.00,7.11
22.4000,0.0615,0.0039,0.0025,0.0000,0.0093,-81.56,3.48,0.14,0.00,6.98
22.5000,0.0624,0.0039,0.0025,0.0000,0.0093,-87.77,3.43,0.14,0.00,6.88
22.6000,0.0631,0.0039,0.0025,0.0000,0.0093,-93.39,3.40,0.14,0.00,6.81
22.7000,0.0632,0.0039,0.0025,0.0000,0.0093,-98.36,3.40,0.14,0.00,6.80
22.8000,0.0637,0.0039,0.0025,0.0000,0.0094,-103.52,3.37,0.14,0.00,6.75
22.9000,0.0642,0.0039,0.0025,0.0000,0.0094,-108.49,3.35,0.15,0.00,6.71
23.0000,0.0650,0.0039,0.0026,0.0000,0.0094,-113.49,3.31,0.15,0.00,6.63
23.1000,0.0658,0.0039,0.0026,0.0000,0.0094,-118.71,3.28,0.15,0.00,6.56
23.2000,0.0666,0.0040,0.0026,0.0000,0.0095,-124.07,3.24,0.15,0.00,6.49
23.3000,0.0671,0.0040,0.0026,0.0000,0.0095,-129.40,3.22,0.15,0.00,6.45
23.4000,0.0677,0.0040,0.0026,0.0000,0.0095,-134.70,3.20,0.15,0.00,6.40
23.5000,0.0681,0.0040,0.0027,0.0000,0.0095,-140.13,3.18,0.15,0.00,6.37
23.6000,0.0681,0.0040,0.0027,0.0000,0.0096,-145.86,3.18,0.15,0.00,6.37
23.7000,0.0674,0.0040,0.0027,0.0000,0.0096,-152.24,3.21,0.15,0.00,6.43
23.8000,0.0669,0.0040,0.0027,0.0000,0.0096,-158.87,3.24,0.16,0.00,6.48
23.9000,0.0709,0.0040,0.0027,0.0000,0.0096,-165.66,3.07,0.16,0.00,6.14
24.0000,0.0755,0.0040,0.0027,0.0000,0.0097,-170.71,2.90,0.16,0.00,5.80
24.1000,0.0776,0.0040,0.0028,0.0000,0.0097,-175.54,2.83,0.16,0.00,5.66
24.2000,0.0787,0.0040,0.0028,0.0000,0.0097,179.42,2.79,0.16,0.00,5.60
24.3000,0.0795,0.0040,0.0028,0.0000,0.0097,174.11,2.77,0.16,0.00,5.55
24.4000,0.0801,0.0040,0.0028,0.0000,0.0098,168.71,2.75,0.16,0.00,5.52
24.5000,0.0806,0.0040,0.0028,0.0000,0.0098,163.24,2.74,0.16,0.00,5.49
24.6000,0.0810,0.0040,0.0029,0.0000,0.0098,157.77,2.73,0.16,0.00,5.47
24.7000,0.0815,0.0040,0.0029,0.0000,0.0098,152.42,2.72,0.17,0.00,5.44
24.8000,0.0820,0.0040,0.0029,0.0000,0.0099,147.14,2.70,0.17,0.00,5.42
24.9000,0.0826,0.0040,0.0029,0.0000,0.0099,142.02,2.69,0.17,0.00,5.38
25.0000,0.0828,0.0040,0.0029,0.0000,0.0099,137.15,2.68,0.17,0.00,5.38
25.1000,0.0837,0.0040,0.0030,0.0000,0.0099,132.83,2.66,0.17,0.00,5.33
25.2000,0.0841,0.0040,0.0030,0.0000,0.0100,128.67,2.65,0.17,0.00,5.31
25.3000,0.0842,0.0040,0.0030,0.0000,0.0100,123.99,2.65,0.17,0.00,5.31
25.4000,0.0836,0.0040,0.0030,0.0000,0.0100,118.79,2.67,0.17,0.00,5.34
25.5000,0.0826,0.0040,0.0030,0.0000,0.0101,113.98,2.70,0.17,0.00,5.40
25.6000,0.0824,0.0040,0.0031,0.0000,0.0101,108.58,2.70,0.18,0.00,5.42
25.7000,0.0826,0.0040,0.0031,0.0000,0.0101,103.05,2.70,0.18,0.00,5.41
25.8000,0.0825,0.0040,0.0031,0.0000,0.0101,97.61,2.71,0.18,0.00,5.42
25.9000,0.0825,0.0040,0.0031,0.0000,0.0102,92.30,2.71,0.18,0.00,5.43
26.0000,0.0825,0.0040,0.0032,0.0000,0.0102,87.03,2.71,0.18,0.00,5.43
26.1000,0.0826,0.0040,0.0032,0.0000,0.0102,81.62,2.71,0.18,0.00,5.43
26.2000,0.0826,0.0040,0.0032,0.0000,0.0103,76.19,2.71,0.18,0.00,5.43
26.3000,0.0824,0.0040,0.0032,0.0000,0.0103,70.80,2.72,0.18,0.00,5.45
26.4000,0.0821,0.0040,0.0032,0.0000,0.0103,65.35,2.73,0.19,0.00,5.47
26.5000,0.0816,0.0040,0.0033,0.0000,0.0104,59.85,2.74,0.19,0.00,5.50
26.6000,0.0811,0.0040,0.0033,0.0000,0.0104,54.35,2.76,0.19,0.00,5.53
26.7000,0.0804,0.0040,0.0033,0.0000,0.0104,48.71,2.78,0.19,0.00,5.58
26.8000,0.0798,0.0040,0.0033,0.0000,0.0105,43.17,2.80,0.19,0.00,5.62
26.9000,0.0793,0.0040,0.0034,0.0000,0.0105,37.49,2.82,0.19,0.00,5.66
27.0000,0.0788,0.0040,0.0034,0.0000,0.0105,31.89,2.84,0.19,0.00,5.69
27.1000,0.0781,0.0040,0.0034,0.0000,0.0106,26.14,2.86,0.20,0.00,5.74
27.2000,0.0772,0.0040,0.0034,0.0000,0.0106,20.39,2.89,0.20,0.00,5.80
27.3000,0.0761,0.0040,0.0035,0.0000,0.0106,14.52,2.93,0.20,0.00,5.88
27.4000,0.0747,0.0040,0.0035,0.0000,0.0107,8.72,2.99,0.20,0.00,5.99
27.5000,0.0732,0.0040,0.0035,0.0000,0.0107,2.85,3.04,0.20,0.00,6.09
27.6000,0.0715,0.0040,0.0035,0.0000,0.0107,-2.89,3.11,0.20,0.00,6.23
27.7000,0.0698,0.0040,0.0035,0.0000,0.0108,-8.55,3.18,0.20,0.00,6.37
27.8000,0.0682,0.0040,0.0036,0.0000,0.0108,-14.07,3.25,0.20,0.00,6.51
27.9000,0.0667,0.0040,0.0036,0.0000,0.0108,-19.58,3.32,0.21,0.00,6.65
28.0000,0.0654,0.0040,0.0036,0.0000,0.0109,-25.07,3.38,0.21,0.00,6.77
28.1000,0.0642,0.0040,0.0036,0.0000,0.0109,-30.33,3.44,0.21,0.00,6.89
28.2000,0.0631,0.0041,0.0037,0.0000,0.0109,-35.58,3.50,0.21,0.00,7.00
28.3000,0.0620,0.0041,0.0037,0.0000,0.0110,-40.89,3.55,0.21,0.00,7.12
28.4000,0.0608,0.0041,0.0037,0.0000,0.0110,-46.25,3.62,0.21,0.00,7.25
28.5000,0.0597,0.0041,0.0037,0.0000,0.0111,-51.64,3.68,0.21,0.00,7.38
28.6000,0.0584,0.0041,0.0038,0.0000,0.0111,-57.05,3.76,0.22,0.00,7.54
28.7000,0.0572,0.0041,0.0038,0.0000,0.0111,-62.60,3.83,0.22,0.00,7.68
28.8000,0.0562,0.0041,0.0038,0.0000,0.0112,-68.16,3.90,0.22,0.00,7.82
28.9000,0.0552,0.0041,0.0039,0.0000,0.0112,-73.74,3.97,0.22,0.00,7.94
29.0000,0.0545,0.0041,0.0039,0.0000,0.0112,-79.14,4.02,0.22,0.00,8.05
29.1000,0.0538,0.0041,0.0039,0.0000,0.0113,-84.27,4.07,0.22,0.00,8.16
29.2000,0.0532,0.0041,0.0039,0.0000,0.0113,-89.35,4.11,0.23,0.00,8.24
29.3000,0.0525,0.0041,0.0040,0.0000,0.0114,-94.41,4.16,0.23,0.00,8.34
29.4000,0.0519,0.0041,0.0040,0.0000,0.0114,-99.55,4.21,0.23,0.00,8.43
29.5000,0.0510,0.0041,0.0040,0.0000,0.0114,-105.02,4.28,0.23,0.00,8.58
29.6000,0.0501,0.0041,0.0040,0.0000,0.0115,-110.61,4.36,0.23,0.00,8.73
29.7000,0.0491,0.0041,0.0041,0.0000,0.0115,-116.33,4.45,0.23,0.00,8.91
29.8000,0.0480,0.0041,0.0041,0.0000,0.0116,-122.39,4.54,0.24,0.00,9.10
29.9000,0.0464,0.0041,0.0041,0.0000,0.0116,-128.70,4.70,0.24,0.00,9.41
30.0000,0.0446,0.0041,0.0042,0.0000,0.0117,-134.98,4.87,0.24,0.00,9.76
30.1000,0.0424,0.0041,0.0042,0.0000,0.0117,-141.47,5.12,0.24,0.00,10.24
30.2000,0.0402,0.0041,0.0042,0.0000,0.0118,-147.52,5.38,0.24,0.00,10.77
30.3000,0.0386,0.0041,0.0042,0.0000,0.0118,-152.76,5.60,0.24,0.00,11.20
30.4000,0.0377,0.0041,0.0043,0.0000,0.0118,-157.64,5.74,0.24,0.00,11.48
30.5000,0.0369,0.0041,0.0043,0.0000,0.0119,-162.97,5.85,0.25,0.00,11.72
30.6000,0.0360,0.0041,0.0043,0.0000,0.0119,-168.41,5.99,0.25,0.00,11.99
30.7000,0.0352,0.0041,0.0044,0.0000,0.0120,-174.18,6.13,0.25,0.00,12.26
30.8000,0.0341,0.0041,0.0044,0.0000,0.0120,179.83,6.32,0.25,0.00,12.65
30.9000,0.0328,0.0041,0.0044,0.0000,0.0121,173.63,6.57,0.25,0.00,13.14
31.0000,0.0312,0.0041,0.0045,0.0000,0.0121,167.62,6.89,0.26,0.00,13.78
31.1000,0.0297,0.0041,0.0045,0.0000,0.0122,162.25,7.24,0.26,0.00,14.49
31.2000,0.0282,0.0041,0.0045,0.0000,0.0122,157.76,7.62,0.26,0.00,15.25
31.3000,0.0269,0.0041,0.0045,0.0000,0.0123,153.67,7.96,0.26,0.00,15.94
31.4000,0.0263,0.0041,0.0046,0.0000,0.0123,149.10,8.15,0.26,0.00,16.31
31.5000,0.0258,0.0041,0.0046,0.0000,0.0124,146.97,8.29,0.26,0.00,16.59
31.6000,0.0256,0.0041,0.0046,0.0000,0.0124,144.54,8.38,0.27,0.00,16.77
31.7000,0.0249,0.0041,0.0047,0.0000,0.0125,141.23,8.59,0.27,0.00,17.19
31.8000,0.0238,0.0041,0.0047,0.0000,0.0125,137.02,9.00,0.27,0.00,18.00
31.9000,0.0221,0.0041,0.0047,0.0000,0.0126,132.21,9.66,0.27,0.00,19.33
32.0000,0.0203,0.0041,0.0048,0.0000,0.0126,127.32,10.48,0.27,0.00,20.97
32.1000,0.0187,0.0041,0.0048,0.0000,0.0127,122.85,11.36,0.28,0.00,22.72
32.2000,0.0170,0.0041,0.0048,0.0000,0.0127,118.70,12.44,0.28,0.00,24.90
32.3000,0.0156,0.0041,0.0049,0.0000,0.0128,114.65,13.53,0.28,0.00,27.07
32.4000,0.0143,0.0041,0.0049,0.0000,0.0128,111.74,14.79,0.28,0.00,29.58
32.5000,0.0131,0.0041,0.0049,0.0000,0.0129,109.06,16.05,0.28,0.00,32.10
32.6000,0.0119,0.0041,0.0050,0.0000,0.0129,107.07,17.64,0.29,0.00,35.29
32.7000,0.0105,0.0041,0.0050,0.0000,0.0130,105.30,19.80,0.29,0.00,39.60
32.8000,0.0089,0.0041,0.0050,0.0000,0.0131,105.92,23.18,0.29,0.00,46.36
32.9000,0.0072,0.0041,0.0051,0.0000,0.0131,110.25,28.04,0.29,0.00,56.09
33.0000,0.0058,0.0041,0.0051,0.0000,0.0132,119.86,33.88,0.29,0.00,67.77

