0.2000,0.0322,0.0034,0.0005,0.0000,0.0069,-17.79,6.07,0.03,0.00,12.14
0.3000,0.0321,0.0034,0.0005,0.0000,0.0069,-27.31,6.03,0.03,0.00,12.06
0.4000,0.0320,0.0034,0.0005,0.0000,0.0069,-36.95,6.04,0.03,0.00,12.08
0.5000,0.0318,0.0034,0.0005,0.0000,0.0068,-46.71,6.07,0.03,0.00,12.13
0.6000,0.0315,0.0034,0.0005,0.0000,0.0068,-56.58,6.12,0.03,0.00,12.24
0.7000,0.0310,0.0034,0.0005,0.0000,0.0069,-66.74,6.21,0.03,0.00,12.41
0.8000,0.0306,0.0034,0.0006,0.0000,0.0069,-76.90,6.30,0.03,0.00,12.60
0.9000,0.0301,0.0034,0.0006,0.0000,0.0069,-87.42,6.41,0.03,0.00,12.81
1.0000,0.0296,0.0034,0.0006,0.0000,0.0069,-98.08,6.51,0.03,0.00,13.03
1.1000,0.0293,0.0034,0.0006,0.0000,0.0069,-109.30,6.59,0.03,0.00,13.17
1.2000,0.0292,0.0034,0.0006,0.0000,0.0069,-120.32,6.60,0.03,0.00,13.20
1.3000,0.0297,0.0034,0.0006,0.0000,0.0069,-131.38,6.50,0.03,0.00,12.99
1.4000,0.0303,0.0034,0.0006,0.0000,0.0069,-142.10,6.37,0.03,0.00,12.74
1.5000,0.0303,0.0034,0.0006,0.0000,0.0069,-152.60,6.37,0.03,0.00,12.74
1.6000,0.0300,0.0034,0.0006,0.0000,0.0069,-163.46,6.45,0.03,0.00,12.90
1.7000,0.0295,0.0034,0.0006,0.0000,0.0069,-174.52,6.56,0.03,0.00,13.13
1.8000,0.0291,0.0034,0.0006,0.0000,0.0069,174.09,6.66,0.03,0.00,13.31
1.9000,0.0287,0.0034,0.0006,0.0000,0.0069,162.72,6.74,0.03,0.00,13.48
2.0000,0.0285,0.0034,0.0006,0.0000,0.0069,151.44,6.79,0.03,0.00,13.59
2.1000,0.0284,0.0034,0.0006,0.0000,0.0070,140.12,6.84,0.03,0.00,13.67
2.2000,0.0284,0.0034,0.0006,0.0000,0.0070,129.04,6.84,0.03,0.00,13.68
2.3000,0.0284,0.0034,0.0006,0.0000,0.0070,118.20,6.84,0.04,0.00,13.68
2.4000,0.0284,0.0034,0.0006,0.0000,0.0070,107.36,6.84,0.04,0.00,13.67
2.5000,0.0285,0.0034,0.0006,0.0000,0.0070,96.91,6.81,0.04,0.00,13.63
2.6000,0.0286,0.0034,0.0006,0.0000,0.0070,86.30,6.79,0.04,0.00,13.58
2.7000,0.0288,0.0034,0.0006,0.0000,0.0070,75.60,6.75,0.04,0.00,13.50
2.8000,0.0290,0.0034,0.0006,0.0000,0.0070,64.71,6.71,0.04,0.00,13.41
2.9000,0.0292,0.0035,0.0006,0.0000,0.0070,53.61,6.66,0.04,0.00,13.33
3.0000,0.0295,0.0035,0.0006,0.0000,0.0070,42.41,6.61,0.04,0.00,13.21
3.1000,0.0297,0.0035,0.0006,0.0000,0.0070,31.27,6.57,0.04,0.00,13.13
3.2000,0.0298,0.0035,0.0007,0.0000,0.0070,20.17,6.55,0.04,0.00,13.09
3.3000,0.0299,0.0035,0.0007,0.0000,0.0071,9.11,6.53,0.04,0.00,13.06
3.4000,0.0298,0.0035,0.0007,0.0000,0.0071,-1.77,6.55,0.04,0.00,13.09
3.5000,0.0298,0.0035,0.0007,0.0000,0.0071,-12.82,6.56,0.04,0.00,13.13
3.6000,0.0296,0.0035,0.0007,0.0000,0.0071,-23.68,6.61,0.04,0.00,13.21
3.7000,0.0295,0.0035,0.0007,0.0000,0.0071,-34.50,6.63,0.04,0.00,13.27
3.8000,0.0294,0.0035,0.0007,0.0000,0.0071,-45.20,6.67,0.04,0.00,13.33
3.9000,0.0293,0.0035,0.0007,0.0000,0.0071,-55.74,6.69,0.04,0.00,13.38
4.0000,0.0292,0.0035,0.0007,0.0000,0.0071,-66.34,6.71,0.04,0.00,13.41
4.1000,0.0292,0.0035,0.0007,0.0000,0.0071,-76.91,6.71,0.04,0.00,13.41
4.2000,0.0293,0.0035,0.0007,0.0000,0.0071,-87.46,6.70,0.04,0.00,13.39
4.3000,0.0294,0.0035,0.0007,0.0000,0.0071,-98.20,6.68,0.04,0.00,13.37
4.4000,0.0295,0.0035,0.0007,0.0000,0.0071,-109.11,6.66,0.04,0.00,13.32
4.5000,0.0296,0.0035,0.0007,0.0000,0.0071,-120.15,6.64,0.04,0.00,13.28
4.6000,0.0298,0.0035,0.0007,0.0000,0.0072,-131.38,6.60,0.04,0.00,13.21
4.7000,0.0299,0.0035,0.0007,0.0000,0.0072,-142.59,6.57,0.04,0.00,13.13
4.8000,0.0301,0.0035,0.0007,0.0000,0.0072,-153.75,6.53,0.04,0.00,13.06
4.9000,0.0302,0.0035,0.0007,0.0000,0.0072,-164.80,6.52,0.04,0.00,13.03
5.0000,0.0303,0.0035,0.0007,0.0000,0.0072,-175.55,6.51,0.04,0.00,13.02
5.1000,0.0302,0.0035,0.0007,0.0000,0.0072,173.80,6.52,0.04,0.00,13.05
5.2000,0.0302,0.0035,0.0007,0.0000,0.0072,163.24,6.54,0.04,0.00,13.08
5.3000,0.0302,0.0035,0.0008,0.0000,0.0072,152.76,6.54,0.04,0.00,13.07
5.4000,0.0303,0.0035,0.0008,0.0000,0.0072,142.30,6.52,0.04,0.00,13.03
5.5000,0.0306,0.0035,0.0008,0.0000,0.0072,131.90,6.46,0.04,0.00,12.92
5.6000,0.0309,0.0035,0.0008,0.0000,0.0072,121.59,6.39,0.04,0.00,12.79
5.7000,0.0314,0.0035,0.0008,0.0000,0.0072,111.49,6.30,0.04,0.00,12.60
5.8000,0.0318,0.0035,0.0008,0.0000,0.0073,101.51,6.21,0.04,0.00,12.42
5.9000,0.0324,0.0035,0.0008,0.0000,0.0073,91.73,6.12,0.05,0.00,12.23
6.0000,0.0328,0.0035,0.0008,0.0000,0.0073,82.14,6.04,0.05,0.00,12.08
6.1000,0.0331,0.0035,0.0008,0.0000,0.0073,72.62,5.98,0.05,0.00,11.96
6.2000,0.0332,0.0036,0.0008,0.0000,0.0073,63.11,5.96,0.05,0.00,11.92
6.3000,0.0332,0.0036,0.0008,0.0000,0.0073,53.45,5.97,0.05,0.00,11.93
6.4000,0.0330,0.0036,0.0008,0.0000,0.0073,43.70,6.01,0.05,0.00,12.01
6.5000,0.0328,0.0036,0.0008,0.0000,0.0073,33.88,6.05,0.05,0.00,12.11
6.6000,0.0325,0.0036,0.0008,0.0000,0.0073,24.11,6.10,0.05,0.00,12.20
6.7000,0.0323,0.0036,0.0008,0.0000,0.0073,14.57,6.15,0.05,0.00,12.30
6.8000,0.0320,0.0036,0.0008,0.0000,0.0073,5.20,6.22,0.05,0.00,12.43
6.9000,0.0315,0.0036,0.0008,0.0000,0.0073,-4.09,6.30,0.05,0.00,12.60
7.0000,0.0310,0.0036,0.0008,0.0000,0.0073,-13.28,6.40,0.05,0.00,12.81
7.1000,0.0304,0.0036,0.0009,0.0000,0.0074,-22.54,6.55,0.05,0.00,13.09
7.2000,0.0296,0.0036,0.0009,0.0000,0.0074,-31.90,6.73,0.05,0.00,13.45
7.3000,0.0286,0.0036,0.0009,0.0000,0.0074,-41.51,6.96,0.05,0.00,13.92
7.4000,0.0275,0.0036,0.0009,0.0000,0.0074,-51.59,7.25,0.05,0.00,14.49
7.5000,0.0262,0.0036,0.0009,0.0000,0.0074,-62.08,7.58,0.05,0.00,15.17
7.6000,0.0251,0.0036,0.0009,0.0000,0.0074,-72.73,7.93,0.05,0.00,15.87
7.7000,0.0240,0.0036,0.0009,0.0000,0.0074,-83.94,8.30,0.05,0.00,16.59
7.8000,0.0231,0.0036,0.0009,0.0000,0.0074,-94.83,8.62,0.05,0.00,17.25
7.9000,0.0222,0.0036,0.0009,0.0000,0.0074,-105.50,8.95,0.05,0.00,17.90
8.0000,0.0214,0.0036,0.0009,0.0000,0.0074,-116.16,9.30,0.05,0.00,18.61
8.1000,0.0204,0.0036,0.0009,0.0000,0.0074,-127.12,9.72,0.05,0.00,19.45
8.2000,0.0195,0.0036,0.0009,0.0000,0.0074,-138.64,10.16,0.05,0.00,20.33
8.3000,0.0187,0.0036,0.0009,0.0000,0.0075,-150.82,10.63,0.05,0.00,21.27
8.4000,0.0179,0.0036,0.0009,0.0000,0.0075,-163.91,11.10,0.05,0.00,22.19
8.5000,0.0172,0.0036,0.0009,0.0000,0.0075,-177.67,11.53,0.05,0.00,23.06
8.6000,0.0167,0.0036,0.0009,0.0000,0.0075,167.77,11.86,0.05,0.00,23.72
8.7000,0.0164,0.0036,0.0010,0.0000,0.0075,152.77,12.10,0.05,0.00,24.19
8.8000,0.0163,0.0036,0.0010,0.0000,0.0075,137.39,12.19,0.06,0.00,24.39
8.9000,0.0162,0.0036,0.0010,0.0000,0.0075,121.91,12.22,0.06,0.00,24.44
9.0000,0.0163,0.0036,0.0010,0.0000,0.0075,106.47,12.18,0.06,0.00,24.36
9.1000,0.0165,0.0036,0.0010,0.0000,0.0075,91.13,12.05,0.06,0.00,24.10
9.2000,0.0168,0.0036,0.0010,0.0000,0.0075,76.23,11.82,0.06,0.00,23.65
9.3000,0.0174,0.0036,0.0010,0.0000,0.0075,61.85,11.47,0.06,0.00,22.94
9.4000,0.0181,0.0036,0.0010,0.0000,0.0075,48.15,11.03,0.06,0.00,22.07
9.5000,0.0190,0.0036,0.0010,0.0000,0.0076,35.58,10.51,0.06,0.00,21.02
9.6000,0.0199,0.0036,0.0010,0.0000,0.0076,23.55,10.02,0.06,0.00,20.05
9.7000,0.0210,0.0036,0.0010,0.0000,0.0076,12.15,9.55,0.06,0.00,19.10
9.8000,0.0220,0.0036,0.0010,0.0000,0.0076,1.13,9.11,0.06,0.00,18.22
9.9000,0.0230,0.0037,0.0010,0.0000,0.0076,-9.38,8.72,0.06,0.00,17.45
10.0000,0.0240,0.0037,0.0010,0.0000,0.0076,-19.69,8.37,0.06,0.00,16.74
10.1000,0.0250,0.0037,0.0011,0.0000,0.0076,-29.86,8.04,0.06,0.00,16.08
10.2000,0.0260,0.0037,0.0011,0.0000,0.0076,-39.84,7.73,0.06,0.00,15.46
10.3000,0.0270,0.0037,0.0011,0.0000,0.0076,-49.73,7.44,0.06,0.00,14.89
10.4000,0.0281,0.0037,0.0011,0.0000,0.0076,-59.59,7.17,0.06,0.00,14.33
10.5000,0.0291,0.0037,0.0011,0.0000,0.0076,-69.40,6.93,0.06,0.00,13.86
10.6000,0.0300,0.0037,0.0011,0.0000,0.0077,-79.13,6.71,0.06,0.00,13.43
10.7000,0.0308,0.0037,0.0011,0.0000,0.0077,-88.82,6.55,0.06,0.00,13.09
10.8000,0.0315,0.0037,0.0011,0.0000,0.0077,-98.43,6.40,0.06,0.00,12.81
10.9000,0.0321,0.0037,0.0011,0.0000,0.0077,-108.20,6.29,0.06,0.00,12.58
11.0000,0.0326,0.0037,0.0011,0.0000,0.0077,-117.78,6.20,0.06,0.00,12.40
11.1000,0.0330,0.0037,0.0011,0.0000,0.0077,-127.38,6.13,0.06,0.00,12.26
11.2000,0.0334,0.0037,0.0011,0.0000,0.0077,-136.88,6.06,0.07,0.00,12.13
11.3000,0.0336,0.0037,0.0011,0.0000,0.0077,-146.24,6.01,0.07,0.00,12.03
11.4000,0.0340,0.0037,0.0012,0.0000,0.0077,-155.74,5.95,0.07,0.00,11.90
11.5000,0.0344,0.0037,0.0012,0.0000,0.0077,-165.35,5.88,0.07,0.00,11.77
11.6000,0.0347,0.0037,0.0012,0.0000,0.0077,-174.92,5.83,0.07,0.00,11.67
11.7000,0.0350,0.0037,0.0012,0.0000,0.0078,175.47,5.79,0.07,0.00,11.58
11.8000,0.0352,0.0037,0.0012,0.0000,0.0078,165.62,5.76,0.07,0.00,11.52
11.9000,0.0353,0.0037,0.0012,0.0000,0.0078,155.71,5.74,0.07,0.00,11.48
12.0000,0.0354,0.0037,0.0012,0.0000,0.0078,145.55,5.73,0.07,0.00,11.46
12.1000,0.0354,0.0037,0.0012,0.0000,0.0078,135.37,5.73,0.07,0.00,11.47
12.2000,0.0354,0.0037,0.0012,0.0000,0.0078,125.05,5.73,0.07,0.00,11.47
12.3000,0.0354,0.0037,0.0012,0.0000,0.0078,114.73,5.73,0.07,0.00,11.47
12.4000,0.0355,0.0037,0.0012,0.0000,0.0078,104.33,5.73,0.07,0.00,11.46
12.5000,0.0356,0.0037,0.0012,0.0000,0.0078,93.92,5.71,0.07,0.00,11.42
12.6000,0.0357,0.0037,0.0013,0.0000,0.0078,83.27,5.69,0.07,0.00,11.38
12.7000,0.0359,0.0037,0.0013,0.0000,0.0079,72.56,5.66,0.07,0.00,11.32
12.8000,0.0362,0.0037,0.0013,0.0000,0.0079,61.66,5.63,0.07,0.00,11.26
12.9000,0.0365,0.0037,0.0013,0.0000,0.0079,50.66,5.58,0.07,0.00,11.16
13.0000,0.0369,0.0037,0.0013,0.0000,0.0079,39.47,5.52,0.07,0.00,11.05
13.1000,0.0374,0.0037,0.0013,0.0000,0.0079,28.22,5.46,0.07,0.00,10.92
13.2000,0.0379,0.0037,0.0013,0.0000,0.0079,16.95,5.38,0.07,0.00,10.76
13.3000,0.0386,0.0037,0.0013,0.0000,0.0079,5.72,5.29,0.08,0.00,10.58
13.4000,0.0393,0.0037,0.0013,0.0000,0.0079,-5.41,5.20,0.08,0.00,10.40
13.5000,0.0400,0.0037,0.0013,0.0000,0.0079,-16.47,5.10,0.08,0.00,10.21
13.6000,0.0408,0.0037,0.0013,0.0000,0.0079,-27.30,5.01,0.08,0.00,10.02
13.7000,0.0417,0.0037,0.0013,0.0000,0.0080,-37.99,4.91,0.08,0.00,9.82
13.8000,0.0425,0.0037,0.0014,0.0000,0.0080,-48.55,4.81,0.08,0.00,9.63
13.9000,0.0434,0.0037,0.0014,0.0000,0.0080,-58.97,4.72,0.08,0.00,9.45
14.0000,0.0443,0.0038,0.0014,0.0000,0.0080,-69.12,4.63,0.08,0.00,9.26
14.1000,0.0452,0.0038,0.0014,0.0000,0.0080,-79.22,4.54,0.08,0.00,9.07
14.2000,0.0462,0.0038,0.0014,0.0000,0.0080,-89.21,4.44,0.08,0.00,8.89
14.3000,0.0472,0.0038,0.0014,0.0000,0.0080,-99.10,4.35,0.08,0.00,8.70
14.4000,0.0483,0.0038,0.0014,0.0000,0.0080,-108.88,4.26,0.08,0.00,8.52
14.5000,0.0494,0.0038,0.0014,0.0000,0.0080,-118.58,4.17,0.08,0.00,8.33
14.6000,0.0505,0.0038,0.0014,0.0000,0.0081,-128.26,4.08,0.08,0.00,8.16
14.7000,0.0515,0.0038,0.0014,0.0000,0.0081,-137.77,4.00,0.08,0.00,8.00
14.8000,0.0525,0.0038,0.0015,0.0000,0.0081,-147.25,3.93,0.08,0.00,7.86
14.9000,0.0534,0.0038,0.0015,0.0000,0.0081,-156.66,3.87,0.08,0.00,7.74
15.0000,0.0541,0.0038,0.0015,0.0000,0.0081,-166.01,3.81,0.08,0.00,7.63
15.1000,0.0548,0.0038,0.0015,0.0000,0.0081,-175.44,3.77,0.09,0.00,7.54
15.2000,0.0555,0.0038,0.0015,0.0000,0.0081,175.27,3.72,0.09,0.00,7.45
15.3000,0.0563,0.0038,0.0015,0.0000,0.0081,166.15,3.68,0.09,0.00,7.36
15.4000,0.0570,0.0038,0.0015,0.0000,0.0082,156.92,3.63,0.09,0.00,7.27
15.5000,0.0577,0.0038,0.0015,0.0000,0.0082,147.71,3.59,0.09,0.00,7.19
15.6000,0.0583,0.0038,0.0015,0.0000,0.0082,138.51,3.56,0.09,0.00,7.11
15.7000,0.0589,0.0038,0.0015,0.0000,0.0082,129.33,3.52,0.09,0.00,7.05
15.8000,0.0594,0.0038,0.0016,0.0000,0.0082,120.22,3.49,0.09,0.00,6.99
15.9000,0.0598,0.0038,0.0016,0.0000,0.0082,111.07,3.48,0.09,0.00,6.96
16.0000,0.0600,0.0038,0.0016,0.0000,0.0082,102.07,3.47,0.09,0.00,6.94
16.1000,0.0600,0.0038,0.0016,0.0000,0.0082,93.10,3.46,0.09,0.00,6.93
16.2000,0.0600,0.0038,0.0016,0.0000,0.0082,84.14,3.47,0.09,0.00,6.94
16.3000,0.0599,0.0038,0.0016,0.0000,0.0083,75.18,3.47,0.09,0.00,6.95
16.4000,0.0599,0.0038,0.0016,0.0000,0.0083,66.16,3.48,0.09,0.00,6.95
16.5000,0.0600,0.0038,0.0016,0.0000,0.0083,57.02,3.47,0.09,0.00,6.95
16.6000,0.0601,0.0038,0.0016,0.0000,0.0083,47.81,3.47,0.09,0.00,6.94
16.7000,0.0601,0.0038,0.0017,0.0000,0.0083,38.56,3.47,0.10,0.00,6.95
16.8000,0.0600,0.0038,0.0017,0.0000,0.0083,29.25,3.48,0.10,0.00,6.96
16.9000,0.0598,0.0038,0.0017,0.0000,0.0083,19.88,3.49,0.10,0.00,6.98
17.0000,0.0595,0.0038,0.0017,0.0000,0.0084,10.46,3.51,0.10,0.00,7.02
17.1000,0.0589,0.0038,0.0017,0.0000,0.0084,0.98,3.54,0.10,0.00,7.09
17.2000,0.0582,0.0038,0.0017,0.0000,0.0084,-8.53,3.59,0.10,0.00,7.18
17.3000,0.0574,0.0038,0.0017,0.0000,0.0084,-18.32,3.64,0.10,0.00,7.28
17.4000,0.0564,0.0038,0.0017,0.0000,0.0084,-28.28,3.70,0.10,0.00,7.40
17.5000,0.0554,0.0038,0.0018,0.0000,0.0084,-38.35,3.77,0.10,0.00,7.53
17.6000,0.0545,0.0038,0.0018,0.0000,0.0084,-48.57,3.83,0.10,0.00,7.67
17.7000,0.0535,0.0038,0.0018,0.0000,0.0085,-58.79,3.90,0.10,0.00,7.81
17.8000,0.0525,0.0038,0.0018,0.0000,0.0085,-68.95,3.97,0.10,0.00,7.95
17.9000,0.0516,0.0038,0.0018,0.0000,0.0085,-79.07,4.05,0.10,0.00,8.09
18.0000,0.0506,0.0038,0.0018,0.0000,0.0085,-89.12,4.12,0.10,0.00,8.24
18.1000,0.0497,0.0038,0.0018,0.0000,0.0085,-99.19,4.20,0.10,0.00,8.40
18.2000,0.0487,0.0038,0.0018,0.0000,0.0085,-109.37,4.29,0.11,0.00,8.57
18.3000,0.0477,0.0038,0.0019,0.0000,0.0085,-119.60,4.37,0.11,0.00,8.74
18.4000,0.0469,0.0038,0.0019,0.0000,0.0086,-130.01,4.45,0.11,0.00,8.91
18.5000,0.0460,0.0039,0.0019,0.0000,0.0086,-140.60,4.53,0.11,0.00,9.07
18.6000,0.0452,0.0039,0.0019,0.0000,0.0086,-151.33,4.62,0.11,0.00,9.23
18.7000,0.0444,0.0039,0.0019,0.0000,0.0086,-162.11,4.70,0.11,0.00,9.41
18.8000,0.0436,0.0039,0.0019,0.0000,0.0086,-173.00,4.78,0.11,0.00,9.57
18.9000,0.0428,0.0039,0.0019,0.0000,0.0086,176.11,4.88,0.11,0.00,9.75
19.0000,0.0419,0.0039,0.0019,0.0000,0.0086,165.22,4.98,0.11,0.00,9.97
19.1000,0.0409,0.0039,0.0020,0.0000,0.0087,154.38,5.10,0.11,0.00,10.19
19.2000,0.0400,0.0039,0.0020,0.0000,0.0087,143.56,5.22,0.11,0.00,10.44
19.3000,0.0391,0.0039,0.0020,0.0000,0.0087,132.66,5.33,0.11,0.00,10.66
19.4000,0.0383,0.0039,0.0020,0.0000,0.0087,121.65,5.44,0.11,0.00,10.89
19.5000,0.0376,0.0039,0.0020,0.0000,0.0087,110.53,5.55,0.12,0.00,11.10
19.6000,0.0370,0.0039,0.0020,0.0000,0.0087,99.28,5.63,0.12,0.00,11.27
19.7000,0.0365,0.0039,0.0020,0.0000,0.0088,87.89,5.71,0.12,0.00,11.43
19.8000,0.0361,0.0039,0.0021,0.0000,0.0088,76.33,5.78,0.12,0.00,11.56
19.9000,0.0357,0.0039,0.0021,0.0000,0.0088,64.65,5.84,0.12,0.00,11.69
20.0000,0.0354,0.0039,0.0021,0.0000,0.0088,53.07,5.89,0.12,0.00,11.78
20.1000,0.0352,0.0039,0.0021,0.0000,0.0088,41.40,5.93,0.12,0.00,11.87
20.2000,0.0350,0.0039,0.0021,0.0000,0.0089,29.77,5.97,0.12,0.00,11.94
20.3000,0.0348,0.0039,0.0021,0.0000,0.0089,18.20,6.00,0.12,0.00,11.99
20.4000,0.0347,0.0039,0.0021,0.0000,0.0089,6.71,6.01,0.12,0.00,12.02
20.5000,0.0347,0.0039,0.0022,0.0000,0.0089,-4.88,6.01,0.12,0.00,12.03
20.6000,0.0349,0.0039,0.0022,0.0000,0.0089,-16.31,5.99,0.12,0.00,11.98
20.7000,0.0352,0.0039,0.0022,0.0000,0.0089,-27.69,5.95,0.13,0.00,11.90
20.8000,0.0357,0.0039,0.0022,0.0000,0.0090,-39.14,5.86,0.13,0.00,11.72
20.9000,0.0364,0.0039,0.0022,0.0000,0.0090,-50.71,5.74,0.13,0.00,11.49
21.0000,0.0374,0.0039,0.0022,0.0000,0.0090,-62.38,5.60,0.13,0.00,11.21
21.1000,0.0384,0.0039,0.0022,0.0000,0.0090,-73.93,5.45,0.13,0.00,10.91
21.2000,0.0395,0.0039,0.0023,0.0000,0.0090,-85.51,5.32,0.13,0.00,10.64
21.3000,0.0403,0.0039,0.0023,0.0000,0.0091,-96.89,5.21,0.13,0.00,10.43
21.4000,0.0408,0.0039,0.0023,0.0000,0.0091,-108.16,5.16,0.13,0.00,10.31
21.5000,0.0411,0.0039,0.0023,0.0000,0.0091,-119.27,5.11,0.13,0.00,10.23
21.6000,0.0416,0.0039,0.0023,0.0000,0.0091,-130.57,5.06,0.13,0.00,10.13
21.7000,0.0419,0.0039,0.0023,0.0000,0.0091,-141.75,5.03,0.13,0.00,10.06
21.8000,0.0422,0.0039,0.0024,0.0000,0.0092,-153.00,5.00,0.14,0.00,10.00
21.9000,0.0425,0.0039,0.0024,0.0000,0.0092,-164.07,4.96,0.14,0.00,9.92
22.0000,0.0431,0.0039,0.0024,0.0000,0.0092,-175.26,4.89,0.14,0.00,9.78
22.1000,0.0438,0.0039,0.0024,0.0000,0.0092,173.81,4.82,0.14,0.00,9.65
22.2000,0.0444,0.0039,0.0024,0.0000,0.0092,162.95,4.76,0.14,0.00,9.52
22.3000,0.0450,0.0039,0.0024,0.0000,0.0093,152.56,4.70,0.14,0.00,9.39
22.4000,0.0457,0.0039,0.0025,0.0000,0.0093,142.41,4.63,0.14,0.00,9.26
22.5000,0.0465,0.0039,0.0025,0.0000,0.0093,131.90,4.55,0.14,0.00,9.11
22.6000,0.0473,0.0039,0.0025,0.0000,0.0093,120.62,4.48,0.14,0.00,8.97
22.7000,0.0483,0.0039,0.0025,0.0000,0.0093,108.44,4.40,0.14,0.00,8.80
22.8000,0.0493,0.0039,0.0025,0.0000,0.0094,96.89,4.31,0.14,0.00,8.62
22.9000,0.0505,0.0039,0.0025,0.0000,0.0094,85.28,4.21,0.15,0.00,8.43
23.0000,0.0516,0.0039,0.0026,0.0000,0.0094,73.95,4.13,0.15,0.00,8.26
23.1000,0.0528,0.0039,0.0026,0.0000,0.0094,63.00,4.04,0.15,0.00,8.08
23.2000,0.0542,0.0040,0.0026,0.0000,0.0095,52.32,3.94,0.15,0.00,7.89
23.3000,0.0558,0.0040,0.0026,0.0000,0.0095,41.78,3.84,0.15,0.00,7.68
23.4000,0.0574,0.0040,0.0026,0.0000,0.0095,31.37,3.74,0.15,0.00,7.48
23.5000,0.0591,0.0040,0.0027,0.0000,0.0095,21.24,3.63,0.15,0.00,7.27
23.6000,0.0610,0.0040,0.0027,0.0000,0.0096,11.53,3.53,0.15,0.00,7.06
23.7000,0.0632,0.0040,0.0027,0.0000,0.0096,2.54,3.42,0.15,0.00,6.84
23.8000,0.0649,0.0040,0.0027,0.0000,0.0096,-6.68,3.33,0.16,0.00,6.68
23.9000,0.0624,0.0040,0.0027,0.0000,0.0096,-17.77,3.46,0.16,0.00,6.93
24.0000,0.0606,0.0040,0.0027,0.0000,0.0097,-30.01,3.56,0.16,0.00,7.12
24.1000,0.0612,0.0040,0.0028,0.0000,0.0097,-41.13,3.52,0.16,0.00,7.06
24.2000,0.0626,0.0040,0.0028,0.0000,0.0097,-51.59,3.45,0.16,0.00,6.91
24.3000,0.0640,0.0040,0.0028,0.0000,0.0097,-61.80,3.38,0.16,0.00,6.78
24.4000,0.0654,0.0040,0.0028,0.0000,0.0098,-71.76,3.32,0.16,0.00,6.65
24.5000,0.0667,0.0040,0.0028,0.0000,0.0098,-81.71,3.26,0.16,0.00,6.52
24.6000,0.0681,0.0040,0.0029,0.0000,0.0098,-91.62,3.20,0.16,0.00,6.40
24.7000,0.0696,0.0040,0.0029,0.0000,0.0098,-101.69,3.14,0.17,0.00,6.28
24.8000,0.0712,0.0040,0.0029,0.0000,0.0099,-111.71,3.07,0.17,0.00,6.15
24.9000,0.0731,0.0040,0.0029,0.0000,0.0099,-121.78,3.00,0.17,0.00,6.01
25.0000,0.0753,0.0040,0.0029,0.0000,0.0099,-131.52,2.92,0.17,0.00,5.85
25.1000,0.0782,0.0040,0.0030,0.0000,0.0099,-141.48,2.83,0.17,0.00,5.66
25.2000,0.0814,0.0040,0.0030,0.0000,0.0100,-150.80,2.73,0.17,0.00,5.46
25.3000,0.0839,0.0040,0.0030,0.0000,0.0100,-159.93,2.66,0.17,0.00,5.32
25.4000,0.0853,0.0040,0.0030,0.0000,0.0100,-168.76,2.62,0.17,0.00,5.25
25.5000,0.0869,0.0040,0.0030,0.0000,0.0101,-177.14,2.58,0.17,0.00,5.17
25.6000,0.0881,0.0040,0.0031,0.0000,0.0101,173.67,2.55,0.18,0.00,5.11
25.7000,0.0892,0.0040,0.0031,0.0000,0.0101,164.16,2.52,0.18,0.00,5.06
25.8000,0.0902,0.0040,0.0031,0.0000,0.0101,154.85,2.50,0.18,0.00,5.01
25.9000,0.0915,0.0040,0.0031,0.0000,0.0102,145.54,2.47,0.18,0.00,4.96
26.0000,0.0927,0.0040,0.0032,0.0000,0.0102,136.26,2.44,0.18,0.00,4.90
26.1000,0.0939,0.0040,0.0032,0.0000,0.0102,126.92,2.42,0.18,0.00,4.85
26.2000,0.0949,0.0040,0.0032,0.0000,0.0103,117.55,2.40,0.18,0.00,4.81
26.3000,0.0959,0.0040,0.0032,0.0000,0.0103,108.33,2.38,0.18,0.00,4.77
26.4000,0.0966,0.0040,0.0032,0.0000,0.0103,99.12,2.37,0.19,0.00,4.75
26.5000,0.0972,0.0040,0.0033,0.0000,0.0104,89.93,2.36,0.19,0.00,4.73
26.6000,0.0976,0.0040,0.0033,0.0000,0.0104,80.73,2.35,0.19,0.00,4.72
26.7000,0.0978,0.0040,0.0033,0.0000,0.0104,71.45,2.35,0.19,0.00,4.71
26.8000,0.0981,0.0040,0.0033,0.0000,0.0105,62.18,2.35,0.19,0.00,4.71
26.9000,0.0983,0.0040,0.0034,0.0000,0.0105,52.82,2.34,0.19,0.00,4.70
27.0000,0.0986,0.0040,0.0034,0.0000,0.0105,43.45,2.34,0.19,0.00,4.69
27.1000,0.0986,0.0040,0.0034,0.0000,0.0106,34.02,2.34,0.20,0.00,4.70
27.2000,0.0984,0.0040,0.0034,0.0000,0.0106,24.64,2.34,0.20,0.00,4.71
27.3000,0.0981,0.0040,0.0035,0.0000,0.0106,15.10,2.35,0.20,0.00,4.72
27.4000,0.0973,0.0040,0.0035,0.0000,0.0107,5.56,2.37,0.20,0.00,4.76
27.5000,0.0966,0.0040,0.0035,0.0000,0.0107,-4.02,2.39,0.20,0.00,4.79
27.6000,0.0957,0.0040,0.0035,0.0000,0.0107,-13.59,2.41,0.20,0.00,4.83
27.7000,0.0947,0.0040,0.0035,0.0000,0.0108,-23.14,2.43,0.20,0.00,4.88
27.8000,0.0937,0.0040,0.0036,0.0000,0.0108,-32.62,2.46,0.20,0.00,4.93
27.9000,0.0927,0.0040,0.0036,0.0000,0.0108,-42.18,2.48,0.21,0.00,4.98
28.0000,0.0919,0.0040,0.0036,0.0000,0.0109,-51.74,2.50,0.21,0.00,5.02
28.1000,0.0909,0.0040,0.0036,0.0000,0.0109,-61.19,2.52,0.21,0.00,5.07
28.2000,0.0900,0.0041,0.0037,0.0000,0.0109,-70.61,2.55,0.21,0.00,5.12
28.3000,0.0890,0.0041,0.0037,0.0000,0.0110,-80.15,2.57,0.21,0.00,5.17
28.4000,0.0879,0.0041,0.0037,0.0000,0.0110,-89.71,2.60,0.21,0.00,5.22
28.5000,0.0868,0.0041,0.0037,0.0000,0.0111,-99.41,2.64,0.21,0.00,5.29
28.6000,0.0855,0.0041,0.0038,0.0000,0.0111,-109.24,2.67,0.22,0.00,5.36
28.7000,0.0845,0.0041,0.0038,0.0000,0.0111,-119.06,2.70,0.22,0.00,5.42
28.8000,0.0834,0.0041,0.0038,0.0000,0.0112,-128.89,2.73,0.22,0.00,5.48
28.9000,0.0822,0.0041,0.0039,0.0000,0.0112,-138.68,2.77,0.22,0.00,5.55
29.0000,0.0809,0.0041,0.0039,0.0000,0.0112,-148.36,2.81,0.22,0.00,5.64
29.1000,0.0793,0.0041,0.0039,0.0000,0.0113,-157.98,2.86,0.22,0.00,5.74
29.2000,0.0776,0.0041,0.0039,0.0000,0.0113,-167.52,2.92,0.23,0.00,5.85
29.3000,0.0756,0.0041,0.0040,0.0000,0.0114,-177.19,2.98,0.23,0.00,5.99
29.4000,0.0738,0.0041,0.0040,0.0000,0.0114,173.07,3.05,0.23,0.00,6.12
29.5000,0.0720,0.0041,0.0040,0.0000,0.0114,163.02,3.12,0.23,0.00,6.26
29.6000,0.0703,0.0041,0.0040,0.0000,0.0115,152.86,3.19,0.23,0.00,6.40
29.7000,0.0689,0.0041,0.0041,0.0000,0.0115,142.65,3.25,0.23,0.00,6.52
29.8000,0.0676,0.0041,0.0041,0.0000,0.0116,132.51,3.31,0.24,0.00,6.63
29.9000,0.0665,0.0041,0.0041,0.0000,0.0116,121.95,3.36,0.24,0.00,6.74
30.0000,0.0655,0.0041,0.0042,0.0000,0.0117,111.22,3.41,0.24,0.00,6.83
30.1000,0.0648,0.0041,0.0042,0.0000,0.0117,100.23,3.44,0.24,0.00,6.90
30.2000,0.0638,0.0041,0.0042,0.0000,0.0118,89.11,3.49,0.24,0.00,7.00
30.3000,0.0622,0.0041,0.0042,0.0000,0.0118,78.01,3.58,0.24,0.00,7.18
30.4000,0.0599,0.0041,0.0043,0.0000,0.0118,67.09,3.70,0.24,0.00,7.42
30.5000,0.0576,0.0041,0.0043,0.0000,0.0119,56.46,3.84,0.25,0.00,7.69
30.6000,0.0571,0.0041,0.0043,0.0000,0.0119,43.66,3.87,0.25,0.00,7.76
30.7000,0.0503,0.0041,0.0044,0.0000,0.0120,36.37,4.36,0.25,0.00,8.74
30.8000,0.0516,0.0041,0.0044,0.0000,0.0120,25.00,4.26,0.25,0.00,8.54
30.9000,0.0505,0.0041,0.0044,0.0000,0.0121,13.59,4.35,0.25,0.00,8.72
31.0000,0.0493,0.0041,0.0045,0.0000,0.0121,2.08,4.45,0.26,0.00,8.91
31.1000,0.0481,0.0041,0.0045,0.0000,0.0122,-9.90,4.56,0.26,0.00,9.13
31.2000,0.0467,0.0041,0.0045,0.0000,0.0122,-22.38,4.68,0.26,0.00,9.38
31.3000,0.0455,0.0041,0.0045,0.0000,0.0123,-35.27,4.81,0.26,0.00,9.63
31.4000,0.0437,0.0041,0.0046,0.0000,0.0123,-48.22,4.99,0.26,0.00,10.00
31.5000,0.0425,0.0041,0.0046,0.0000,0.0124,-62.81,5.13,0.26,0.00,10.27
31.6000,0.0417,0.0041,0.0046,0.0000,0.0124,-77.59,5.23,0.27,0.00,10.47
31.7000,0.0413,0.0041,0.0047,0.0000,0.0125,-91.57,5.27,0.27,0.00,10.56
31.8000,0.0413,0.0041,0.0047,0.0000,0.0125,-104.68,5.28,0.27,0.00,10.56
31.9000,0.0414,0.0041,0.0047,0.0000,0.0126,-116.95,5.27,0.27,0.00,10.56
32.0000,0.0414,0.0041,0.0048,0.0000,0.0126,-129.01,5.27,0.27,0.00,10.55
32.1000,0.0415,0.0041,0.0048,0.0000,0.0127,-141.27,5.26,0.28,0.00,10.54
32.2000,0.0416,0.0041,0.0048,0.0000,0.0127,-153.50,5.25,0.28,0.00,10.51
32.3000,0.0417,0.0041,0.0049,0.0000,0.0128,-166.05,5.24,0.28,0.00,10.49
32.4000,0.0421,0.0041,0.0049,0.0000,0.0128,-178.54,5.19,0.28,0.00,10.39
32.5000,0.0426,0.0041,0.0049,0.0000,0.0129,168.70,5.14,0.28,0.00,10.29
32.6000,0.0431,0.0041,0.0050,0.0000,0.0129,156.19,5.08,0.29,0.00,10.18
32.7000,0.0436,0.0041,0.0050,0.0000,0.0130,143.80,5.03,0.29,0.00,10.08
32.8000,0.0439,0.0041,0.0050,0.0000,0.0131,131.74,5.00,0.29,0.00,10.02
32.9000,0.0440,0.0041,0.0051,0.0000,0.0131,119.74,4.99,0.29,0.00,9.99
33.0000,0.0440,0.0041,0.0051,0.0000,0.0132,107.67,4.99,0.29,0.00,9.99

