0.2000,0.0118,0.0034,0.0005,0.0000,0.0069,-10.91,16.20,0.03,0.00,32.41
0.3000,0.0120,0.0034,0.0005,0.0000,0.0069,-17.82,15.85,0.03,0.00,31.71
0.4000,0.0120,0.0034,0.0005,0.0000,0.0069,-24.59,15.78,0.03,0.00,31.57
0.5000,0.0121,0.0034,0.0005,0.0000,0.0068,-31.05,15.69,0.03,0.00,31.39
0.6000,0.0122,0.0034,0.0005,0.0000,0.0068,-37.95,15.57,0.03,0.00,31.15
0.7000,0.0121,0.0034,0.0005,0.0000,0.0069,-45.10,15.67,0.03,0.00,31.34
0.8000,0.0120,0.0034,0.0006,0.0000,0.0069,-52.00,15.84,0.03,0.00,31.67
0.9000,0.0118,0.0034,0.0006,0.0000,0.0069,-58.84,16.05,0.03,0.00,32.10
1.0000,0.0116,0.0034,0.0006,0.0000,0.0069,-65.39,16.27,0.03,0.00,32.55
1.1000,0.0113,0.0034,0.0006,0.0000,0.0069,-72.57,16.72,0.03,0.00,33.43
1.2000,0.0111,0.0034,0.0006,0.0000,0.0069,-77.26,17.01,0.03,0.00,34.02
1.3000,0.0111,0.0034,0.0006,0.0000,0.0069,-79.78,17.02,0.03,0.00,34.04
1.4000,0.0117,0.0034,0.0006,0.0000,0.0069,-82.55,16.25,0.03,0.00,32.49
1.5000,0.0124,0.0034,0.0006,0.0000,0.0069,-86.22,15.34,0.03,0.00,30.68
1.6000,0.0127,0.0034,0.0006,0.0000,0.0069,-93.25,15.01,0.03,0.00,30.02
1.7000,0.0127,0.0034,0.0006,0.0000,0.0069,-100.15,15.03,0.03,0.00,30.06
1.8000,0.0126,0.0034,0.0006,0.0000,0.0069,-107.11,15.12,0.03,0.00,30.23
1.9000,0.0125,0.0034,0.0006,0.0000,0.0069,-114.05,15.27,0.03,0.00,30.55
2.0000,0.0123,0.0034,0.0006,0.0000,0.0069,-121.18,15.47,0.03,0.00,30.93
2.1000,0.0122,0.0034,0.0006,0.0000,0.0070,-127.91,15.66,0.03,0.00,31.32
2.2000,0.0120,0.0034,0.0006,0.0000,0.0070,-133.98,15.90,0.03,0.00,31.80
2.3000,0.0120,0.0034,0.0006,0.0000,0.0070,-139.56,15.96,0.04,0.00,31.93
2.4000,0.0119,0.0034,0.0006,0.0000,0.0070,-145.04,16.07,0.04,0.00,32.14
2.5000,0.0119,0.0034,0.0006,0.0000,0.0070,-150.55,16.08,0.04,0.00,32.15
2.6000,0.0119,0.0034,0.0006,0.0000,0.0070,-155.81,16.13,0.04,0.00,32.26
2.7000,0.0119,0.0034,0.0006,0.0000,0.0070,-161.16,16.13,0.04,0.00,32.26
2.8000,0.0119,0.0034,0.0006,0.0000,0.0070,-167.20,16.08,0.04,0.00,32.16
2.9000,0.0118,0.0035,0.0006,0.0000,0.0070,-173.93,16.29,0.04,0.00,32.58
3.0000,0.0114,0.0035,0.0006,0.0000,0.0070,179.00,16.80,0.04,0.00,33.59
3.1000,0.0110,0.0035,0.0006,0.0000,0.0070,172.29,17.35,0.04,0.00,34.70
3.2000,0.0109,0.0035,0.0007,0.0000,0.0070,165.38,17.54,0.04,0.00,35.07
3.3000,0.0106,0.0035,0.0007,0.0000,0.0071,158.60,18.01,0.04,0.00,36.02
3.4000,0.0103,0.0035,0.0007,0.0000,0.0071,152.61,18.58,0.04,0.00,37.15
3.5000,0.0100,0.0035,0.0007,0.0000,0.0071,147.79,19.03,0.04,0.00,38.07
3.6000,0.0099,0.0035,0.0007,0.0000,0.0071,142.57,19.29,0.04,0.00,38.58
3.7000,0.0097,0.0035,0.0007,0.0000,0.0071,136.71,19.65,0.04,0.00,39.30
3.8000,0.0095,0.0035,0.0007,0.0000,0.0071,131.12,19.94,0.04,0.00,39.87
3.9000,0.0094,0.0035,0.0007,0.0000,0.0071,125.25,20.19,0.04,0.00,40.39
4.0000,0.0093,0.0035,0.0007,0.0000,0.0071,118.75,20.37,0.04,0.00,40.74
4.1000,0.0092,0.0035,0.0007,0.0000,0.0071,111.15,20.66,0.04,0.00,41.33
4.2000,0.0090,0.0035,0.0007,0.0000,0.0071,103.13,21.12,0.04,0.00,42.25
4.3000,0.0087,0.0035,0.0007,0.0000,0.0071,95.32,21.87,0.04,0.00,43.74
4.4000,0.0083,0.0035,0.0007,0.0000,0.0071,87.85,22.66,0.04,0.00,45.32
4.5000,0.0080,0.0035,0.0007,0.0000,0.0071,80.30,23.47,0.04,0.00,46.95
4.6000,0.0077,0.0035,0.0007,0.0000,0.0072,72.56,24.53,0.04,0.00,49.07
4.7000,0.0072,0.0035,0.0007,0.0000,0.0072,65.51,25.88,0.04,0.00,51.76
4.8000,0.0069,0.0035,0.0007,0.0000,0.0072,58.13,27.07,0.04,0.00,54.14
4.9000,0.0066,0.0035,0.0007,0.0000,0.0072,50.29,27.94,0.04,0.00,55.88
5.0000,0.0066,0.0035,0.0007,0.0000,0.0072,41.07,27.96,0.04,0.00,55.92
5.1000,0.0068,0.0035,0.0007,0.0000,0.0072,30.50,27.50,0.04,0.00,54.99
5.2000,0.0069,0.0035,0.0007,0.0000,0.0072,19.52,26.90,0.04,0.00,53.80
5.3000,0.0071,0.0035,0.0008,0.0000,0.0072,8.91,26.28,0.04,0.00,52.56
5.4000,0.0074,0.0035,0.0008,0.0000,0.0072,-2.16,25.42,0.04,0.00,50.84
5.5000,0.0076,0.0035,0.0008,0.0000,0.0072,-13.58,24.86,0.04,0.00,49.72
5.6000,0.0076,0.0035,0.0008,0.0000,0.0072,-24.66,24.74,0.04,0.00,49.47
5.7000,0.0075,0.0035,0.0008,0.0000,0.0072,-35.04,25.00,0.04,0.00,49.99
5.8000,0.0076,0.0035,0.0008,0.0000,0.0073,-45.42,24.90,0.04,0.00,49.79
5.9000,0.0076,0.0035,0.0008,0.0000,0.0073,-55.97,24.83,0.05,0.00,49.66
6.0000,0.0076,0.0035,0.0008,0.0000,0.0073,-66.61,24.95,0.05,0.00,49.89
6.1000,0.0075,0.0035,0.0008,0.0000,0.0073,-75.33,25.07,0.05,0.00,50.14
6.2000,0.0077,0.0036,0.0008,0.0000,0.0073,-82.69,24.52,0.05,0.00,49.03
6.3000,0.0082,0.0036,0.0008,0.0000,0.0073,-88.55,23.24,0.05,0.00,46.48
6.4000,0.0088,0.0036,0.0008,0.0000,0.0073,-93.69,21.66,0.05,0.00,43.32
6.5000,0.0096,0.0036,0.0008,0.0000,0.0073,-98.29,20.00,0.05,0.00,40.01
6.6000,0.0104,0.0036,0.0008,0.0000,0.0073,-103.16,18.55,0.05,0.00,37.11
6.7000,0.0112,0.0036,0.0008,0.0000,0.0073,-109.18,17.37,0.05,0.00,34.75
6.8000,0.0117,0.0036,0.0008,0.0000,0.0073,-115.97,16.61,0.05,0.00,33.22
6.9000,0.0121,0.0036,0.0008,0.0000,0.0073,-122.60,16.16,0.05,0.00,32.31
7.0000,0.0124,0.0036,0.0008,0.0000,0.0073,-128.78,15.81,0.05,0.00,31.62
7.1000,0.0126,0.0036,0.0009,0.0000,0.0074,-135.28,15.56,0.05,0.00,31.12
7.2000,0.0126,0.0036,0.0009,0.0000,0.0074,-141.65,15.50,0.05,0.00,31.00
7.3000,0.0126,0.0036,0.0009,0.0000,0.0074,-147.41,15.56,0.05,0.00,31.12
7.4000,0.0126,0.0036,0.0009,0.0000,0.0074,-152.35,15.49,0.05,0.00,30.98
7.5000,0.0127,0.0036,0.0009,0.0000,0.0074,-156.73,15.48,0.05,0.00,30.97
7.6000,0.0126,0.0036,0.0009,0.0000,0.0074,-160.31,15.53,0.05,0.00,31.05
7.7000,0.0129,0.0036,0.0009,0.0000,0.0074,-162.59,15.20,0.05,0.00,30.40
7.8000,0.0133,0.0036,0.0009,0.0000,0.0074,-165.95,14.77,0.05,0.00,29.54
7.9000,0.0136,0.0036,0.0009,0.0000,0.0074,-170.60,14.50,0.05,0.00,28.99
8.0000,0.0139,0.0036,0.0009,0.0000,0.0074,-175.80,14.22,0.05,0.00,28.45
8.1000,0.0140,0.0036,0.0009,0.0000,0.0074,178.43,14.07,0.05,0.00,28.14
8.2000,0.0141,0.0036,0.0009,0.0000,0.0074,172.14,14.01,0.05,0.00,28.02
8.3000,0.0141,0.0036,0.0009,0.0000,0.0075,165.83,14.01,0.05,0.00,28.02
8.4000,0.0141,0.0036,0.0009,0.0000,0.0075,159.69,14.01,0.05,0.00,28.02
8.5000,0.0142,0.0036,0.0009,0.0000,0.0075,153.71,13.91,0.05,0.00,27.82
8.6000,0.0143,0.0036,0.0009,0.0000,0.0075,147.70,13.81,0.05,0.00,27.63
8.7000,0.0144,0.0036,0.0010,0.0000,0.0075,141.71,13.69,0.05,0.00,27.38
8.8000,0.0145,0.0036,0.0010,0.0000,0.0075,135.96,13.61,0.06,0.00,27.21
8.9000,0.0146,0.0036,0.0010,0.0000,0.0075,129.48,13.52,0.06,0.00,27.03
9.0000,0.0147,0.0036,0.0010,0.0000,0.0075,122.37,13.50,0.06,0.00,27.00
9.1000,0.0146,0.0036,0.0010,0.0000,0.0075,114.77,13.60,0.06,0.00,27.19
9.2000,0.0144,0.0036,0.0010,0.0000,0.0075,107.16,13.80,0.06,0.00,27.59
9.3000,0.0141,0.0036,0.0010,0.0000,0.0075,99.52,14.04,0.06,0.00,28.08
9.4000,0.0138,0.0036,0.0010,0.0000,0.0075,92.12,14.32,0.06,0.00,28.64
9.5000,0.0136,0.0036,0.0010,0.0000,0.0076,85.13,14.55,0.06,0.00,29.11
9.6000,0.0134,0.0036,0.0010,0.0000,0.0076,78.96,14.82,0.06,0.00,29.65
9.7000,0.0132,0.0036,0.0010,0.0000,0.0076,73.28,15.02,0.06,0.00,30.04
9.8000,0.0131,0.0036,0.0010,0.0000,0.0076,67.83,15.15,0.06,0.00,30.29
9.9000,0.0130,0.0037,0.0010,0.0000,0.0076,62.96,15.24,0.06,0.00,30.48
10.0000,0.0130,0.0037,0.0010,0.0000,0.0076,57.84,15.23,0.06,0.00,30.46
10.1000,0.0131,0.0037,0.0011,0.0000,0.0076,52.12,15.18,0.06,0.00,30.36
10.2000,0.0131,0.0037,0.0011,0.0000,0.0076,45.77,15.13,0.06,0.00,30.26
10.3000,0.0131,0.0037,0.0011,0.0000,0.0076,38.88,15.09,0.06,0.00,30.18
10.4000,0.0132,0.0037,0.0011,0.0000,0.0076,30.86,15.05,0.06,0.00,30.10
10.5000,0.0132,0.0037,0.0011,0.0000,0.0076,22.67,15.06,0.06,0.00,30.11
10.6000,0.0131,0.0037,0.0011,0.0000,0.0077,14.35,15.16,0.06,0.00,30.32
10.7000,0.0130,0.0037,0.0011,0.0000,0.0077,6.61,15.28,0.06,0.00,30.55
10.8000,0.0128,0.0037,0.0011,0.0000,0.0077,-0.77,15.46,0.06,0.00,30.91
10.9000,0.0127,0.0037,0.0011,0.0000,0.0077,-7.83,15.66,0.06,0.00,31.33
11.0000,0.0125,0.0037,0.0011,0.0000,0.0077,-14.41,15.89,0.06,0.00,31.78
11.1000,0.0124,0.0037,0.0011,0.0000,0.0077,-20.68,16.01,0.06,0.00,32.01
11.2000,0.0124,0.0037,0.0011,0.0000,0.0077,-26.71,15.97,0.07,0.00,31.93
11.3000,0.0127,0.0037,0.0011,0.0000,0.0077,-32.36,15.70,0.07,0.00,31.40
11.4000,0.0129,0.0037,0.0012,0.0000,0.0077,-38.67,15.45,0.07,0.00,30.90
11.5000,0.0131,0.0037,0.0012,0.0000,0.0077,-45.85,15.19,0.07,0.00,30.38
11.6000,0.0134,0.0037,0.0012,0.0000,0.0077,-53.18,14.90,0.07,0.00,29.79
11.7000,0.0137,0.0037,0.0012,0.0000,0.0078,-60.54,14.58,0.07,0.00,29.16
11.8000,0.0139,0.0037,0.0012,0.0000,0.0078,-67.78,14.34,0.07,0.00,28.67
11.9000,0.0139,0.0037,0.0012,0.0000,0.0078,-74.93,14.35,0.07,0.00,28.70
12.0000,0.0137,0.0037,0.0012,0.0000,0.0078,-81.90,14.56,0.07,0.00,29.12
12.1000,0.0136,0.0037,0.0012,0.0000,0.0078,-88.51,14.72,0.07,0.00,29.45
12.2000,0.0135,0.0037,0.0012,0.0000,0.0078,-95.46,14.77,0.07,0.00,29.54
12.3000,0.0134,0.0037,0.0012,0.0000,0.0078,-102.16,14.96,0.07,0.00,29.91
12.4000,0.0132,0.0037,0.0012,0.0000,0.0078,-108.52,15.08,0.07,0.00,30.16
12.5000,0.0132,0.0037,0.0012,0.0000,0.0078,-115.37,15.17,0.07,0.00,30.33
12.6000,0.0131,0.0037,0.0013,0.0000,0.0078,-122.83,15.20,0.07,0.00,30.41
12.7000,0.0131,0.0037,0.0013,0.0000,0.0079,-130.34,15.22,0.07,0.00,30.43
12.8000,0.0131,0.0037,0.0013,0.0000,0.0079,-137.36,15.28,0.07,0.00,30.57
12.9000,0.0129,0.0037,0.0013,0.0000,0.0079,-144.57,15.46,0.07,0.00,30.91
13.0000,0.0127,0.0037,0.0013,0.0000,0.0079,-152.27,15.78,0.07,0.00,31.56
13.1000,0.0123,0.0037,0.0013,0.0000,0.0079,-159.67,16.17,0.07,0.00,32.34
13.2000,0.0120,0.0037,0.0013,0.0000,0.0079,-166.93,16.59,0.07,0.00,33.17
13.3000,0.0117,0.0037,0.0013,0.0000,0.0079,-172.94,17.02,0.08,0.00,34.05
13.4000,0.0114,0.0037,0.0013,0.0000,0.0079,-178.30,17.52,0.08,0.00,35.04
13.5000,0.0110,0.0037,0.0013,0.0000,0.0079,176.50,18.01,0.08,0.00,36.01
13.6000,0.0108,0.0037,0.0013,0.0000,0.0079,170.84,18.32,0.08,0.00,36.64
13.7000,0.0108,0.0037,0.0013,0.0000,0.0080,164.41,18.38,0.08,0.00,36.76
13.8000,0.0108,0.0037,0.0014,0.0000,0.0080,158.43,18.49,0.08,0.00,36.97
13.9000,0.0108,0.0037,0.0014,0.0000,0.0080,152.22,18.45,0.08,0.00,36.90
14.0000,0.0107,0.0038,0.0014,0.0000,0.0080,144.75,18.59,0.08,0.00,37.17
14.1000,0.0105,0.0038,0.0014,0.0000,0.0080,135.64,18.85,0.08,0.00,37.69
14.2000,0.0102,0.0038,0.0014,0.0000,0.0080,126.68,19.41,0.08,0.00,38.83
14.3000,0.0100,0.0038,0.0014,0.0000,0.0080,117.75,19.87,0.08,0.00,39.74
14.4000,0.0097,0.0038,0.0014,0.0000,0.0080,108.24,20.37,0.08,0.00,40.74
14.5000,0.0092,0.0038,0.0014,0.0000,0.0080,97.57,21.51,0.08,0.00,43.03
14.6000,0.0085,0.0038,0.0014,0.0000,0.0081,86.30,22.97,0.08,0.00,45.93
14.7000,0.0080,0.0038,0.0014,0.0000,0.0081,75.04,24.33,0.08,0.00,48.67
14.8000,0.0080,0.0038,0.0015,0.0000,0.0081,63.68,24.43,0.08,0.00,48.85
14.9000,0.0082,0.0038,0.0015,0.0000,0.0081,51.37,23.86,0.08,0.00,47.72
15.0000,0.0085,0.0038,0.0015,0.0000,0.0081,39.23,23.09,0.08,0.00,46.18
15.1000,0.0092,0.0038,0.0015,0.0000,0.0081,29.10,21.50,0.09,0.00,43.00
15.2000,0.0103,0.0038,0.0015,0.0000,0.0081,19.16,19.39,0.09,0.00,38.78
15.3000,0.0113,0.0038,0.0015,0.0000,0.0081,8.54,17.73,0.09,0.00,35.47
15.4000,0.0123,0.0038,0.0015,0.0000,0.0082,-1.28,16.29,0.09,0.00,32.57
15.5000,0.0133,0.0038,0.0015,0.0000,0.0082,-10.41,15.18,0.09,0.00,30.36
15.6000,0.0144,0.0038,0.0015,0.0000,0.0082,-19.12,14.01,0.09,0.00,28.02
15.7000,0.0157,0.0038,0.0015,0.0000,0.0082,-28.25,12.94,0.09,0.00,25.87
15.8000,0.0167,0.0038,0.0016,0.0000,0.0082,-37.00,12.18,0.09,0.00,24.36
15.9000,0.0177,0.0038,0.0016,0.0000,0.0082,-45.44,11.49,0.09,0.00,22.97
16.0000,0.0187,0.0038,0.0016,0.0000,0.0082,-53.34,10.91,0.09,0.00,21.81
16.1000,0.0196,0.0038,0.0016,0.0000,0.0082,-60.96,10.42,0.09,0.00,20.85
16.2000,0.0204,0.0038,0.0016,0.0000,0.0082,-67.61,10.00,0.09,0.00,20.00
16.3000,0.0211,0.0038,0.0016,0.0000,0.0083,-73.44,9.68,0.09,0.00,19.36
16.4000,0.0219,0.0038,0.0016,0.0000,0.0083,-79.27,9.34,0.09,0.00,18.68
16.5000,0.0225,0.0038,0.0016,0.0000,0.0083,-84.69,9.09,0.09,0.00,18.18
16.6000,0.0233,0.0038,0.0016,0.0000,0.0083,-90.25,8.80,0.09,0.00,17.61
16.7000,0.0243,0.0038,0.0017,0.0000,0.0083,-95.93,8.46,0.10,0.00,16.92
16.8000,0.0251,0.0038,0.0017,0.0000,0.0083,-102.02,8.18,0.10,0.00,16.37
16.9000,0.0259,0.0038,0.0017,0.0000,0.0083,-107.85,7.94,0.10,0.00,15.88
17.0000,0.0266,0.0038,0.0017,0.0000,0.0084,-113.47,7.72,0.10,0.00,15.44
17.1000,0.0277,0.0038,0.0017,0.0000,0.0084,-119.24,7.42,0.10,0.00,14.85
17.2000,0.0287,0.0038,0.0017,0.0000,0.0084,-125.22,7.17,0.10,0.00,14.34
17.3000,0.0296,0.0038,0.0017,0.0000,0.0084,-130.40,6.97,0.10,0.00,13.94
17.4000,0.0303,0.0038,0.0017,0.0000,0.0084,-135.02,6.80,0.10,0.00,13.61
17.5000,0.0316,0.0038,0.0018,0.0000,0.0084,-139.60,6.54,0.10,0.00,13.09
17.6000,0.0327,0.0038,0.0018,0.0000,0.0084,-144.45,6.32,0.10,0.00,12.64
17.7000,0.0336,0.0038,0.0018,0.0000,0.0085,-149.32,6.16,0.10,0.00,12.33
17.8000,0.0342,0.0038,0.0018,0.0000,0.0085,-153.42,6.05,0.10,0.00,12.10
17.9000,0.0350,0.0038,0.0018,0.0000,0.0085,-158.33,5.92,0.10,0.00,11.84
18.0000,0.0356,0.0038,0.0018,0.0000,0.0085,-163.86,5.81,0.10,0.00,11.63
18.1000,0.0358,0.0038,0.0018,0.0000,0.0085,-169.61,5.79,0.10,0.00,11.57
18.2000,0.0361,0.0038,0.0018,0.0000,0.0085,-174.65,5.75,0.11,0.00,11.49
18.3000,0.0366,0.0038,0.0019,0.0000,0.0085,-179.53,5.67,0.11,0.00,11.35
18.4000,0.0370,0.0038,0.0019,0.0000,0.0086,174.97,5.61,0.11,0.00,11.23
18.5000,0.0370,0.0039,0.0019,0.0000,0.0086,169.50,5.61,0.11,0.00,11.23
18.6000,0.0371,0.0039,0.0019,0.0000,0.0086,164.26,5.60,0.11,0.00,11.20
18.7000,0.0377,0.0039,0.0019,0.0000,0.0086,159.12,5.52,0.11,0.00,11.04
18.8000,0.0382,0.0039,0.0019,0.0000,0.0086,153.36,5.45,0.11,0.00,10.90
18.9000,0.0384,0.0039,0.0019,0.0000,0.0086,147.55,5.42,0.11,0.00,10.83
19.0000,0.0384,0.0039,0.0019,0.0000,0.0086,141.38,5.43,0.11,0.00,10.86
19.1000,0.0385,0.0039,0.0020,0.0000,0.0087,134.87,5.41,0.11,0.00,10.82
19.2000,0.0386,0.0039,0.0020,0.0000,0.0087,127.97,5.39,0.11,0.00,10.79
19.3000,0.0387,0.0039,0.0020,0.0000,0.0087,120.78,5.38,0.11,0.00,10.76
19.4000,0.0385,0.0039,0.0020,0.0000,0.0087,113.95,5.41,0.11,0.00,10.82
19.5000,0.0383,0.0039,0.0020,0.0000,0.0087,107.12,5.45,0.12,0.00,10.90
19.6000,0.0382,0.0039,0.0020,0.0000,0.0087,100.26,5.46,0.12,0.00,10.92
19.7000,0.0382,0.0039,0.0020,0.0000,0.0088,93.43,5.46,0.12,0.00,10.92
19.8000,0.0384,0.0039,0.0021,0.0000,0.0088,86.65,5.44,0.12,0.00,10.88
19.9000,0.0385,0.0039,0.0021,0.0000,0.0088,80.28,5.43,0.12,0.00,10.86
20.0000,0.0388,0.0039,0.0021,0.0000,0.0088,74.17,5.38,0.12,0.00,10.76
20.1000,0.0394,0.0039,0.0021,0.0000,0.0088,67.84,5.30,0.12,0.00,10.61
20.2000,0.0401,0.0039,0.0021,0.0000,0.0089,61.15,5.21,0.12,0.00,10.43
20.3000,0.0408,0.0039,0.0021,0.0000,0.0089,54.57,5.13,0.12,0.00,10.27
20.4000,0.0414,0.0039,0.0021,0.0000,0.0089,48.27,5.06,0.12,0.00,10.13
20.5000,0.0423,0.0039,0.0022,0.0000,0.0089,41.77,4.96,0.12,0.00,9.93
20.6000,0.0432,0.0039,0.0022,0.0000,0.0089,35.08,4.86,0.12,0.00,9.71
20.7000,0.0440,0.0039,0.0022,0.0000,0.0089,28.30,4.77,0.13,0.00,9.55
20.8000,0.0446,0.0039,0.0022,0.0000,0.0090,21.92,4.71,0.13,0.00,9.42
20.9000,0.0457,0.0039,0.0022,0.0000,0.0090,15.57,4.60,0.13,0.00,9.21
21.0000,0.0468,0.0039,0.0022,0.0000,0.0090,8.88,4.50,0.13,0.00,9.00
21.1000,0.0481,0.0039,0.0022,0.0000,0.0090,1.84,4.39,0.13,0.00,8.78
21.2000,0.0491,0.0039,0.0023,0.0000,0.0090,-4.70,4.30,0.13,0.00,8.61
21.3000,0.0502,0.0039,0.0023,0.0000,0.0091,-10.99,4.21,0.13,0.00,8.43
21.4000,0.0514,0.0039,0.0023,0.0000,0.0091,-17.47,4.12,0.13,0.00,8.24
21.5000,0.0524,0.0039,0.0023,0.0000,0.0091,-24.46,4.05,0.13,0.00,8.09
21.6000,0.0531,0.0039,0.0023,0.0000,0.0091,-31.20,3.99,0.13,0.00,7.99
21.7000,0.0539,0.0039,0.0023,0.0000,0.0091,-37.37,3.94,0.13,0.00,7.89
21.8000,0.0551,0.0039,0.0024,0.0000,0.0092,-43.41,3.85,0.14,0.00,7.71
21.9000,0.0561,0.0039,0.0024,0.0000,0.0092,-49.79,3.79,0.14,0.00,7.59
22.0000,0.0568,0.0039,0.0024,0.0000,0.0092,-56.48,3.75,0.14,0.00,7.51
22.1000,0.0577,0.0039,0.0024,0.0000,0.0092,-62.41,3.70,0.14,0.00,7.40
22.2000,0.0595,0.0039,0.0024,0.0000,0.0092,-68.47,3.59,0.14,0.00,7.18
22.3000,0.0617,0.0039,0.0024,0.0000,0.0093,-74.43,3.47,0.14,0.00,6.94
22.4000,0.0639,0.0039,0.0025,0.0000,0.0093,-80.35,3.36,0.14,0.00,6.72
22.5000,0.0657,0.0039,0.0025,0.0000,0.0093,-85.91,3.27,0.14,0.00,6.56
22.6000,0.0670,0.0039,0.0025,0.0000,0.0093,-92.02,3.21,0.14,0.00,6.44
22.7000,0.0675,0.0039,0.0025,0.0000,0.0093,-98.54,3.19,0.14,0.00,6.39
22.8000,0.0674,0.0039,0.0025,0.0000,0.0094,-104.67,3.20,0.14,0.00,6.40
22.9000,0.0672,0.0039,0.0025,0.0000,0.0094,-110.53,3.21,0.15,0.00,6.43
23.0000,0.0672,0.0039,0.0026,0.0000,0.0094,-116.46,3.21,0.15,0.00,6.43
23.1000,0.0676,0.0039,0.0026,0.0000,0.0094,-122.43,3.19,0.15,0.00,6.40
23.2000,0.0680,0.0040,0.0026,0.0000,0.0095,-128.47,3.18,0.15,0.00,6.36
23.3000,0.0684,0.0040,0.0026,0.0000,0.0095,-134.35,3.17,0.15,0.00,6.34
23.4000,0.0686,0.0040,0.0026,0.0000,0.0095,-139.83,3.16,0.15,0.00,6.32
23.5000,0.0689,0.0040,0.0027,0.0000,0.0095,-144.93,3.15,0.15,0.00,6.30
23.6000,0.0689,0.0040,0.0027,0.0000,0.0096,-149.38,3.15,0.15,0.00,6.30
23.7000,0.0687,0.0040,0.0027,0.0000,0.0096,-151.91,3.16,0.15,0.00,6.32
23.8000,0.0702,0.0040,0.0027,0.0000,0.0096,-150.20,3.10,0.16,0.00,6.21
23.9000,0.0773,0.0040,0.0027,0.0000,0.0096,-151.03,2.84,0.16,0.00,5.68
24.0000,0.0806,0.0040,0.0027,0.0000,0.0097,-160.20,2.73,0.16,0.00,5.47
24.1000,0.0810,0.0040,0.0028,0.0000,0.0097,-169.67,2.72,0.16,0.00,5.45
24.2000,0.0810,0.0040,0.0028,0.0000,0.0097,-177.33,2.72,0.16,0.00,5.46
24.3000,0.0811,0.0040,0.0028,0.0000,0.0097,176.22,2.72,0.16,0.00,5.45
24.4000,0.0818,0.0040,0.0028,0.0000,0.0098,170.48,2.70,0.16,0.00,5.42
24.5000,0.0826,0.0040,0.0028,0.0000,0.0098,164.81,2.68,0.16,0.00,5.37
24.6000,0.0832,0.0040,0.0029,0.0000,0.0098,159.24,2.66,0.16,0.00,5.34
24.7000,0.0835,0.0040,0.0029,0.0000,0.0098,154.31,2.66,0.17,0.00,5.32
24.8000,0.0845,0.0040,0.0029,0.0000,0.0099,149.46,2.63,0.17,0.00,5.27
24.9000,0.0859,0.0040,0.0029,0.0000,0.0099,144.38,2.59,0.17,0.00,5.20
25.0000,0.0860,0.0040,0.0029,0.0000,0.0099,139.28,2.59,0.17,0.00,5.20
25.1000,0.0870,0.0040,0.0030,0.0000,0.0099,133.77,2.57,0.17,0.00,5.15
25.2000,0.0872,0.0040,0.0030,0.0000,0.0100,128.47,2.57,0.17,0.00,5.14
25.3000,0.0874,0.0040,0.0030,0.0000,0.0100,122.85,2.56,0.17,0.00,5.14
25.4000,0.0859,0.0040,0.0030,0.0000,0.0100,116.62,2.60,0.17,0.00,5.22
25.5000,0.0836,0.0040,0.0030,0.0000,0.0101,111.14,2.67,0.17,0.00,5.35
25.6000,0.0826,0.0040,0.0031,0.0000,0.0101,106.50,2.70,0.18,0.00,5.41
25.7000,0.0826,0.0040,0.0031,0.0000,0.0101,101.40,2.70,0.18,0.00,5.41
25.8000,0.0821,0.0040,0.0031,0.0000,0.0101,96.09,2.72,0.18,0.00,5.44
25.9000,0.0814,0.0040,0.0031,0.0000,0.0102,91.20,2.74,0.18,0.00,5.49
26.0000,0.0809,0.0040,0.0032,0.0000,0.0102,86.62,2.76,0.18,0.00,5.53
26.1000,0.0805,0.0040,0.0032,0.0000,0.0102,81.63,2.77,0.18,0.00,5.55
26.2000,0.0800,0.0040,0.0032,0.0000,0.0103,76.26,2.79,0.18,0.00,5.58
26.3000,0.0791,0.0040,0.0032,0.0000,0.0103,70.93,2.82,0.18,0.00,5.64
26.4000,0.0782,0.0040,0.0032,0.0000,0.0103,65.67,2.85,0.19,0.00,5.71
26.5000,0.0771,0.0040,0.0033,0.0000,0.0104,60.44,2.88,0.19,0.00,5.78
26.6000,0.0760,0.0040,0.0033,0.0000,0.0104,54.87,2.92,0.19,0.00,5.86
26.7000,0.0747,0.0040,0.0033,0.0000,0.0104,49.25,2.97,0.19,0.00,5.95
26.8000,0.0734,0.0040,0.0033,0.0000,0.0105,43.69,3.02,0.19,0.00,6.06
26.9000,0.0723,0.0040,0.0034,0.0000,0.0105,38.45,3.06,0.19,0.00,6.14
27.0000,0.0718,0.0040,0.0034,0.0000,0.0105,33.19,3.08,0.19,0.00,6.18
27.1000,0.0715,0.0040,0.0034,0.0000,0.0106,27.51,3.10,0.20,0.00,6.21
27.2000,0.0705,0.0040,0.0034,0.0000,0.0106,21.97,3.14,0.20,0.00,6.30
27.3000,0.0696,0.0040,0.0035,0.0000,0.0106,16.52,3.18,0.20,0.00,6.37
27.4000,0.0690,0.0040,0.0035,0.0000,0.0107,10.87,3.21,0.20,0.00,6.43
27.5000,0.0686,0.0040,0.0035,0.0000,0.0107,4.67,3.23,0.20,0.00,6.46
27.6000,0.0675,0.0040,0.0035,0.0000,0.0107,-1.77,3.27,0.20,0.00,6.56
27.7000,0.0662,0.0040,0.0035,0.0000,0.0108,-8.00,3.34,0.20,0.00,6.69
27.8000,0.0654,0.0040,0.0036,0.0000,0.0108,-13.67,3.38,0.20,0.00,6.76
27.9000,0.0648,0.0040,0.0036,0.0000,0.0108,-19.84,3.41,0.21,0.00,6.83
28.0000,0.0637,0.0040,0.0036,0.0000,0.0109,-25.81,3.46,0.21,0.00,6.94
28.1000,0.0620,0.0040,0.0036,0.0000,0.0109,-31.54,3.55,0.21,0.00,7.12
28.2000,0.0611,0.0041,0.0037,0.0000,0.0109,-36.69,3.60,0.21,0.00,7.21
28.3000,0.0607,0.0041,0.0037,0.0000,0.0110,-42.31,3.62,0.21,0.00,7.26
28.4000,0.0598,0.0041,0.0037,0.0000,0.0110,-48.42,3.67,0.21,0.00,7.36
28.5000,0.0584,0.0041,0.0037,0.0000,0.0111,-54.19,3.76,0.21,0.00,7.53
28.6000,0.0577,0.0041,0.0038,0.0000,0.0111,-59.57,3.81,0.22,0.00,7.62
28.7000,0.0572,0.0041,0.0038,0.0000,0.0111,-65.54,3.83,0.22,0.00,7.68
28.8000,0.0566,0.0041,0.0038,0.0000,0.0112,-72.15,3.88,0.22,0.00,7.77
28.9000,0.0551,0.0041,0.0039,0.0000,0.0112,-78.38,3.97,0.22,0.00,7.96
29.0000,0.0539,0.0041,0.0039,0.0000,0.0112,-83.82,4.06,0.22,0.00,8.13
29.1000,0.0535,0.0041,0.0039,0.0000,0.0113,-88.79,4.09,0.22,0.00,8.19
29.2000,0.0528,0.0041,0.0039,0.0000,0.0113,-94.10,4.15,0.23,0.00,8.30
29.3000,0.0515,0.0041,0.0040,0.0000,0.0114,-99.54,4.25,0.23,0.00,8.50
29.4000,0.0501,0.0041,0.0040,0.0000,0.0114,-104.18,4.36,0.23,0.00,8.73
29.5000,0.0495,0.0041,0.0040,0.0000,0.0114,-109.20,4.41,0.23,0.00,8.83
29.6000,0.0490,0.0041,0.0040,0.0000,0.0115,-114.86,4.45,0.23,0.00,8.91
29.7000,0.0484,0.0041,0.0041,0.0000,0.0115,-121.07,4.50,0.23,0.00,9.02
29.8000,0.0475,0.0041,0.0041,0.0000,0.0116,-126.47,4.58,0.24,0.00,9.18
29.9000,0.0470,0.0041,0.0041,0.0000,0.0116,-131.99,4.63,0.24,0.00,9.28
30.0000,0.0468,0.0041,0.0042,0.0000,0.0117,-137.91,4.66,0.24,0.00,9.33
30.1000,0.0469,0.0041,0.0042,0.0000,0.0117,-144.26,4.65,0.24,0.00,9.31
30.2000,0.0466,0.0041,0.0042,0.0000,0.0118,-149.79,4.68,0.24,0.00,9.37
30.3000,0.0458,0.0041,0.0042,0.0000,0.0118,-154.26,4.76,0.24,0.00,9.53
30.4000,0.0446,0.0041,0.0043,0.0000,0.0118,-158.56,4.88,0.24,0.00,9.77
30.5000,0.0431,0.0041,0.0043,0.0000,0.0119,-163.52,5.04,0.25,0.00,10.09
30.6000,0.0415,0.0041,0.0043,0.0000,0.0119,-169.04,5.23,0.25,0.00,10.48
30.7000,0.0401,0.0041,0.0044,0.0000,0.0120,-174.30,5.40,0.25,0.00,10.82
30.8000,0.0387,0.0041,0.0044,0.0000,0.0120,-179.44,5.59,0.25,0.00,11.20
30.9000,0.0378,0.0041,0.0044,0.0000,0.0121,175.19,5.73,0.25,0.00,11.47
31.0000,0.0367,0.0041,0.0045,0.0000,0.0121,168.90,5.90,0.26,0.00,11.80
31.1000,0.0349,0.0041,0.0045,0.0000,0.0122,162.38,6.19,0.26,0.00,12.40
31.2000,0.0334,0.0041,0.0045,0.0000,0.0122,158.04,6.46,0.26,0.00,12.93
31.3000,0.0320,0.0041,0.0045,0.0000,0.0123,153.01,6.73,0.26,0.00,13.47
31.4000,0.0305,0.0041,0.0046,0.0000,0.0123,146.13,7.06,0.26,0.00,14.13
31.5000,0.0269,0.0041,0.0046,0.0000,0.0124,139.81,7.96,0.26,0.00,15.94
31.6000,0.0227,0.0041,0.0046,0.0000,0.0124,135.18,9.42,0.27,0.00,18.84
31.7000,0.0200,0.0041,0.0047,0.0000,0.0125,133.80,10.64,0.27,0.00,21.28
31.8000,0.0186,0.0041,0.0047,0.0000,0.0125,130.27,11.44,0.27,0.00,22.88
31.9000,0.0167,0.0041,0.0047,0.0000,0.0126,125.07,12.67,0.27,0.00,25.34
32.0000,0.0151,0.0041,0.0048,0.0000,0.0126,123.21,14.02,0.27,0.00,28.04
32.1000,0.0145,0.0041,0.0048,0.0000,0.0127,123.10,14.52,0.28,0.00,29.04
32.2000,0.0142,0.0041,0.0048,0.0000,0.0127,118.01,14.82,0.28,0.00,29.65
32.3000,0.0127,0.0041,0.0049,0.0000,0.0128,113.58,16.51,0.28,0.00,33.02
32.4000,0.0109,0.0041,0.0049,0.0000,0.0128,114.16,19.07,0.28,0.00,38.14
32.5000,0.0105,0.0041,0.0049,0.0000,0.0129,115.65,19.76,0.28,0.00,39.52
32.6000,0.0100,0.0041,0.0050,0.0000,0.0129,112.99,20.74,0.29,0.00,41.48
32.7000,0.0090,0.0041,0.0050,0.0000,0.0130,113.11,22.83,0.29,0.00,45.66
32.8000,0.0085,0.0041,0.0050,0.0000,0.0131,124.19,24.21,0.29,0.00,48.42
32.9000,0.0088,0.0041,0.0051,0.0000,0.0131,131.51,23.37,0.29,0.00,46.75
33.0000,0.0088,0.0041,0.0051,0.0000,0.0132,135.11,23.28,0.29,0.00,46.57

