!Freq, Nominal solution (no bias), Monte-Carlo estimate (includes statistical bias), Monte-Carlo estimate + standard uncertainty, Monte-Carlo estimate - standard uncertainty, Monte-Carlo upper 95% confidence interval, Monte-Carlo lower 95% confidence interval
0.2	0.00362209403799564	0.00340289984173183	0.00399459618370164	0.00281120349976203	0.00405881341090676	0.00201652397904013
0.3	0.00346523861796321	0.00332635856977131	0.00370628108188879	0.00294643605765384	0.00376060396404578	0.00240707355530023
0.4	0.00355948197815149	0.00353751540757002	0.00365834167092872	0.00341668914421133	0.00372891410886823	0.00327914670349485
0.5	0.00368979001052055	0.00380580021937803	0.00409922174487322	0.00351237869388284	0.00442763156978022	0.00341421875316328
0.6	0.00387894957805084	0.00372411547787051	0.00420760022494909	0.00324063073079194	0.00432458465461452	0.00267367727091443
0.7	0.0040533048339232	0.00381236009914803	0.00447286648669115	0.0031518537116049	0.00463620199487987	0.0022913419148034
0.8	0.00429240223462261	0.00406671908143259	0.00470241827948115	0.00343101988338404	0.00486223675238237	0.00261591638340875
0.9	0.00447489855515385	0.00435205393626432	0.00480523385966595	0.00389887401286268	0.00503561456951462	0.00352136426749496
1	0.00463663792215352	0.00491876204877714	0.00557605120950277	0.00426147288805151	0.00646689214960426	0.00417021016150335
1.1	0.00466279606998187	0.00481148562362846	0.00524119983696316	0.00438177141029376	0.00573853112285872	0.0042041505579294
1.2	0.00442414151600606	0.0044046409124042	0.00475034328240718	0.00405893854240122	0.00494310651352697	0.00377357209501381
1.3	0.00373085219092278	0.00362175626194287	0.00422901969265194	0.00301449283123381	0.00462424194810191	0.00226869243880668
1.4	0.00294418762029499	0.0027876888821739	0.00351591697906731	0.0020594607852805	0.00397494112168291	0.00117161167537694
1.5	0.00265329548671032	0.00265827586426688	0.00320125439136422	0.00211529733716954	0.00353611604755403	0.00170564553556973
1.6	0.00275065924184479	0.00252708281133823	0.00332127596025765	0.0017328896624188	0.00366919322863238	0.000768854803993068
1.7	0.00304454006577284	0.00281979997314354	0.00355622255982315	0.00208337738646393	0.00377453328486238	0.001209305607967
1.8	0.00334609198183419	0.00323069884061228	0.00372438743194747	0.0027370102492771	0.00398140801999951	0.00222911940948444
1.9	0.00358207295301301	0.0036494513310647	0.00391265035996872	0.00338625230216067	0.00413099759118434	0.00321651037065263
2	0.0037752246552375	0.00411231172367584	0.00493436060261315	0.00329026284473852	0.00603504950188055	0.00315824855716689
2.1	0.00384655247460545	0.00395896668115368	0.00422691572082985	0.00369101764147751	0.00450905309463753	0.00350332803463917
2.2	0.00384609697979599	0.00379073806568402	0.0040518693684439	0.00352960676292414	0.00416007522237645	0.00325144439297603
2.3	0.00375989194087985	0.00362092588240339	0.00407961236914201	0.00316223939566477	0.00431155736671365	0.00269737826084377
2.4	0.00359216164457263	0.00346568516569613	0.00395345889170088	0.00297791143969138	0.00425344242704402	0.00251089493755496
2.5	0.00337855946811226	0.00365627071661866	0.00426861351002794	0.00304392792320938	0.00516965915855713	0.00291724896166888
2.6	0.00329535680277355	0.00351056089586868	0.00405517508813159	0.00296594670360577	0.00459878744482098	0.00275654332289827
2.7	0.0034050771109828	0.00349877602650928	0.00386045041009509	0.00313710164292348	0.00420814075810656	0.00284782927071068
2.8	0.00371770480838228	0.00370156505025627	0.00402414377516183	0.0033789863253507	0.00421171327442828	0.00312204862135383
2.9	0.00410057118059123	0.00407519697699387	0.00434296339906187	0.00380743055492588	0.00449548421712156	0.00356140932302478
3	0.00448988117352761	0.00467605116688478	0.00519080731188008	0.00416129502188949	0.00592843065080939	0.0039320553032953
3.1	0.00480167138699552	0.00479672465515017	0.0051464794953223	0.00444696981497803	0.00540590287046237	0.00414992737927993
3.2	0.00497628189013123	0.00485397548247715	0.0053648375881497	0.0043431133768046	0.00556389474658493	0.0036962134697092
3.3	0.00502878451433235	0.00485911930116952	0.00546653461606643	0.00425170398627261	0.00563254527444319	0.00346688247206057
3.4	0.0049508550173086	0.0047952338079114	0.00537451750889239	0.00421595010693041	0.00560889721291017	0.00358432658175627
3.5	0.00480778206732799	0.00494641182616576	0.00527614479237833	0.00461667885995319	0.00568550113937149	0.004413887219529
3.6	0.00459557185779756	0.0046094352421061	0.00484206815650917	0.00437680232770304	0.00499576079577268	0.004201730182226
3.7	0.00439290967503275	0.00423987308359199	0.00486301284417211	0.00361673332301187	0.00516187072365055	0.00283918860693714
3.8	0.00429793396370059	0.00410390937940068	0.00488890374423143	0.00331891501456994	0.00521602840163915	0.00247441036761845
3.9	0.00432091221773846	0.00430425072633897	0.00487203276559504	0.0037364686870829	0.00531989429335045	0.00336285854597766
4	0.00443009889990608	0.00482278397402134	0.00563452189776614	0.00401104605027654	0.006776972018366	0.00370198047247906
4.1	0.00456605213735701	0.00479667518692456	0.00535868167152041	0.00423466870232871	0.0059551488060471	0.00392574254083785
4.2	0.00467741764015728	0.00474857440125549	0.00502909690629046	0.00446805189622051	0.00525769469740088	0.00426673280229295
4.3	0.0047256521414858	0.00470227067632977	0.00493006516994719	0.00447447618271236	0.00509340994995459	0.0042336111293199
4.4	0.00465163052891105	0.00459458535961903	0.00482199636575868	0.00436717435347937	0.00497545953683215	0.00410956198537027
4.5	0.00447400676870707	0.0047931944254285	0.00560112689155353	0.00398526195930346	0.00662010069774793	0.00386032937924222
4.6	0.00421629236638875	0.00450685776160299	0.00534191236224622	0.00367180316095976	0.00632129030838488	0.00325352993000202
4.7	0.00398945526740506	0.00415232214868282	0.0046859982604328	0.00361864603693284	0.0051623809694245	0.00327023915204932
4.8	0.00380559514135343	0.00387482225455188	0.00423157980005126	0.0035180647090525	0.00441899940748044	0.0031101525991791
4.9	0.00379527259158794	0.00374133004233355	0.00411398404710332	0.00336867603756377	0.0043062006859146	0.00285724152712601
5	0.00395582867199608	0.00417451236940018	0.00462403635097644	0.00372498838782392	0.00509788603054269	0.00354586482347968
5.1	0.00422199930113224	0.00434144076914758	0.00463724285055437	0.00404563868774079	0.00483238956282401	0.00366367055624655
5.2	0.00449209802612378	0.00438759075572178	0.00500266394288998	0.00377251756855357	0.00532747236687351	0.00292695459534349
5.3	0.00468825366075174	0.00449557956581206	0.0052707849208899	0.00372037421073423	0.0055751050715599	0.00253371086323914
5.4	0.00474985297787958	0.00459385612275042	0.00527135485763741	0.00391635738786342	0.00555016541659199	0.00305636339745963
5.5	0.00462888289388975	0.00497555655735039	0.00573514277708067	0.00421597033762012	0.00657535435197997	0.00396747517094125
5.6	0.00442935753501369	0.00468638144986279	0.00536018017591891	0.00401258272380668	0.00599935820512001	0.0033177091908264
5.7	0.00410212690516935	0.00413473875486417	0.00461789995538895	0.0036515775543394	0.00485312884385782	0.00310114883813496
5.8	0.00371782433449177	0.00357442662767148	0.00442322206090273	0.00272563119444022	0.00477144556622199	0.00143241763104973
5.9	0.00327853895196254	0.00301037111836299	0.00430361049901106	0.00171713173771491	0.00492345580841723	0.000459431070412488
6	0.00284755455485865	0.00339163346947846	0.00443316017058664	0.00235010676837027	0.00580459880968134	0.00161806465106797
6.1	0.00246972865201719	0.00308144227540037	0.00409045514449825	0.00207242940630249	0.00519691004579444	0.00170026793482254
6.2	0.00216478131672091	0.00269489881301222	0.00367799337292546	0.00171180425309898	0.00457432957881296	0.00133933836231761
6.3	0.0019814800966961	0.00234153763446426	0.00333987533863269	0.00134319993029583	0.00422025008105358	0.000699210474497923
6.4	0.0018353777954067	0.00199470215716436	0.00284110509303958	0.00114829922128914	0.00324451081405503	0.000501505320156503
6.5	0.00170933313364326	0.00230564217597951	0.00380419688252	0.000807087469439021	0.00540180044703775	0.000206054478487502
6.6	0.00152684268911003	0.00209753535017822	0.00336134925867019	0.000833721441686249	0.00461485798721467	0.000246185052889146
6.7	0.00127393817783463	0.00171629448485447	0.00259536970664572	0.000837219263063212	0.00351133335025982	0.000464272189122385
6.8	0.000945325487794127	0.00141830991384376	0.00204778471796547	0.00078883510972205	0.00263836954985815	0.000503974589306237
6.9	0.000586681637058346	0.00114479729494775	0.00166176717193241	0.000627827417963089	0.00222174920956768	0.000208758718347991
7	0.000350430479056804	0.0015161303159872	0.00242281110419194	0.000609449527782465	0.00379637910930987	0.000326227824584241
7.1	0.000478175099000707	0.0015078013402918	0.00235752743309666	0.000658075247486937	0.00336472664939399	9.36988497199556E-05
7.2	0.000851956771175944	0.0015616513236771	0.00252732438998271	0.000595978257371485	0.00349199950025999	0.00019740506922008
7.3	0.00129058814097531	0.00198952608249866	0.00312104066206278	0.00085801150293453	0.00383712073585033	0.000154313184042471
7.4	0.00177354063643369	0.00279883291840812	0.00431392114729075	0.00128374468952549	0.00585650520782212	0.000411872864450296
7.5	0.00233617645228959	0.00326004561603487	0.00504742820437685	0.00147266302769289	0.00753457902455556	0.000347121325365435
7.6	0.00288841940207289	0.00318678294930922	0.00430186002015369	0.00207170587846475	0.00551230607758023	0.00124333339425845
7.7	0.00337493557356663	0.00365087747415869	0.00489898418647765	0.00240277076183973	0.0064406663032552	0.00147815534017462
7.8	0.00365591748567956	0.00396555237559201	0.00534479000695579	0.00258631474422822	0.00708552795764943	0.00151502507638922
7.9	0.00379051543820299	0.00427995171029306	0.00601303761992808	0.00254686580065805	0.00815740408277385	0.00148628624899015
8	0.00385807121961908	0.00442511634684919	0.00607565533443851	0.00277457735925986	0.00787994099932881	0.00141449516014851
8.1	0.00396330561807585	0.00388555109353184	0.00525446481045189	0.0025166373766118	0.00572254633073654	0.00130475339054325
8.2	0.00408934827179651	0.00391098221690007	0.00540729696825349	0.00241466746554664	0.00580511057946716	0.00039897535843281
8.3	0.00425545024276994	0.00417062942681283	0.00554483517623318	0.00279642367739248	0.00584156001552758	0.00151162222463255
8.4	0.00454307862094837	0.00476208856268953	0.0059902611632692	0.00353391596210986	0.00656726028674029	0.00254164816602937
8.5	0.00489178197041623	0.00537452966252676	0.00691433872658076	0.00383472059847277	0.00831692580157841	0.00260827100539408
8.6	0.00533139635450627	0.00527116665702772	0.0067050424185159	0.00383729089553953	0.007344886892903	0.00278607312289833
8.7	0.00581178118312347	0.00555169125044728	0.007411623633034	0.00369175886786057	0.00836965305659023	0.00198491520249466
8.8	0.00633731082424085	0.00615800103337132	0.00803321994576936	0.00428278212097328	0.0090883456899346	0.00300167098364756
8.9	0.00681112468418531	0.00699669141315385	0.00856214724061085	0.00543123558569685	0.00954252699494612	0.0049929003939292
9	0.00718635594752845	0.00774871515164928	0.00928032810008544	0.00621710220321313	0.0111801100726026	0.00531349149266431
9.1	0.00744485362761277	0.00768124063473706	0.00868713452802158	0.00667534674145254	0.00922371083524266	0.00603212840483259
9.2	0.00755547088030244	0.0078172444869328	0.00876820037516884	0.00686628859869675	0.00937692815848484	0.00624435510520748
9.3	0.0075831909484603	0.00785862453028531	0.00883963530174643	0.00687761375882419	0.00985217083310489	0.00611388043056278
9.4	0.0075640653001915	0.00793509572641168	0.00896990179868555	0.00690028965413781	0.0103391313644494	0.00619812445593449
9.5	0.00754595471060164	0.00824362201205692	0.00998240315084244	0.00650484087327141	0.0121776855345763	0.00532024888190662
9.6	0.00750672099610276	0.00775729945963171	0.0083607383247432	0.00715386059452023	0.00870403291808538	0.00632655688254263
9.7	0.00750956074134393	0.00747472797475446	0.00826897352261062	0.0066804824268983	0.0086838990293688	0.00588258656747642
9.8	0.00755300326037621	0.00735791226156988	0.00861129742663934	0.00610452709650041	0.00928045081060963	0.00466315974370415
9.9	0.00767234830738068	0.00753332796480278	0.00882792885867145	0.00623872707093411	0.00959483381072792	0.00493157418787711
10	0.00785022594064209	0.00831999750422601	0.00924999006718822	0.00739000494126381	0.0104186833710964	0.00681992983625228
10.1	0.00812790529010725	0.00827691983135823	0.00873126509662732	0.00782257456608914	0.00895440667026914	0.00746936036704459
10.2	0.0085034509864512	0.00844301159677956	0.00916760555957558	0.00771841763398354	0.00973221901163006	0.00712138774549491
10.3	0.00891260119447403	0.00875251194383601	0.00969715090605347	0.00780787298161854	0.0104221056751658	0.00714069138420209
10.4	0.00935675210813881	0.00933459458944065	0.0101893398017819	0.00847984937709943	0.0110188627856262	0.00778946299956301
10.5	0.00976414074523721	0.0103604708218359	0.0117255032750757	0.00899543836859621	0.0134532564074263	0.00866932435869017
10.6	0.0101292527668977	0.0106069804394743	0.0117239413195459	0.0094900195594026	0.0131537503958694	0.00899420331008783
10.7	0.0105488657117656	0.0109211566332606	0.0121158098654599	0.00972650340106144	0.0135406647394904	0.0088974562727143
10.8	0.0109565208995254	0.0111825069479708	0.0123328447331982	0.0100321691627434	0.0135046130796256	0.00915270928045923
10.9	0.0113150244361001	0.0113979597390884	0.0122175069256707	0.010578412552506	0.0127638987660438	0.00993178432946678
11	0.0117760922572787	0.0123874204415446	0.0142321896724678	0.0105426512106215	0.0161335804099439	0.0089689513075437
11.1	0.012261452381149	0.0127450473077151	0.0143207267352663	0.0111693678801639	0.0157111421124231	0.0101056350869994
11.2	0.0127990259446282	0.0130310260224131	0.0140085861864674	0.0120534658583588	0.0145757548535165	0.0112724329488748
11.3	0.0134173184060316	0.0134032827719748	0.014156872636048	0.0126496929079016	0.0143587660661097	0.0113338432551364
11.4	0.0138808799314951	0.0135647985331314	0.0147887482440059	0.0123408488222569	0.0152361161961867	0.0102581795859595
11.5	0.0142627358238004	0.0144045585409889	0.0151129199691766	0.0136961971128012	0.0155358666461795	0.0134153057206576
11.6	0.0146660619714813	0.0148475540022014	0.0155658020975115	0.0141293059068913	0.0163823315279306	0.0139083949726914
11.7	0.0150386162697138	0.0149439006887632	0.0158638173092939	0.0140239840682325	0.0163975187402448	0.012963143836265
11.8	0.0153480799360051	0.0149741931658734	0.0165898929961272	0.0133584933356196	0.0174621900651631	0.0110494491882217
11.9	0.0156922201561236	0.0149701031393344	0.017771178217948	0.0121690280607208	0.0194453192182576	0.00824307435558092
12	0.015957341324761	0.0158804057517294	0.0181267616568328	0.013634049846626	0.0196494704637883	0.0118603847307871
12.1	0.0163102829693639	0.0165057331243824	0.0182940916439029	0.0147173746048619	0.019828149668054	0.0134997422418425
12.2	0.0166058588660394	0.0167672438477072	0.0184598114592644	0.01507467623615	0.0199208797722818	0.0140799407775574
12.3	0.016898256829817	0.0169919651974798	0.0186290482526401	0.0153548821423195	0.0199721063775408	0.0146707897615038
12.4	0.0171779027669267	0.0170215438001965	0.0186556628427429	0.0153874247576501	0.020198788788256	0.0144930246006547
12.5	0.0173506905096966	0.0174383767629223	0.0192546043635342	0.0156221491623103	0.0206331790538905	0.014994351916983
12.6	0.0175834553357994	0.0180688558383169	0.0203860748238838	0.01575163685275	0.022923729265344	0.0148440579138529
12.7	0.0177001292563605	0.018133891994366	0.0206483671692005	0.0156194168195315	0.0227596722061527	0.0141605951653
12.8	0.0179148688182151	0.0182328114538388	0.0207566761443486	0.015708946763329	0.0223413174629665	0.0141226073047776
12.9	0.018083771094445	0.0180950017902993	0.0202297114565168	0.0159602921240819	0.0208747745550526	0.0147836059534564
13	0.0182856212331243	0.0180163891315665	0.0199835404386613	0.0160492378244716	0.0212026507144011	0.0153258011825884
13.1	0.0185651225530162	0.0187839118346044	0.0209533759713026	0.0166144476979062	0.0222651743198382	0.0152238480388439
13.2	0.0188947187537879	0.0190358240313712	0.0210899471203426	0.0169817009423998	0.0218734847912208	0.015840568769489
13.3	0.0192808482662956	0.0192138795807326	0.0209565993059862	0.0174711598554791	0.021737519538626	0.0166099957457949
13.4	0.0196925872404831	0.0192148926332742	0.0210872181798694	0.017342567086679	0.0228322598000995	0.0158391238465088
13.5	0.0201467758900242	0.0193543731856142	0.0220321394667527	0.0166766069044757	0.0235287949844869	0.012856385079494
13.6	0.020566305536887	0.0205046243169123	0.0220237374797432	0.0189855111540815	0.0235424658818992	0.0183302167734363
13.7	0.0209384300565987	0.0210493092811606	0.0224678049657145	0.0196308135966066	0.0241956186232971	0.0191383818020461
13.8	0.0212749095659543	0.0214795369640926	0.022964280415481	0.0199947935127041	0.0246586895790654	0.0192228177806984
13.9	0.0215561925405776	0.0216331827900066	0.02292369064301	0.0203426749370032	0.0235284945099007	0.019350233285507
14	0.0216781209955319	0.0212192434233153	0.022632810230944	0.0198056766156866	0.0235488757373202	0.0177646285330119
14.1	0.021797019655315	0.0218418666488481	0.022589476667006	0.0210942566306903	0.0232275452724385	0.0209220214506356
14.2	0.0218624352951033	0.0221180615395415	0.0230811925374161	0.0211549305416669	0.024090537159796	0.0205430578784516
14.3	0.0220178618831126	0.0223540091021447	0.0235684281900367	0.0211395900142527	0.0243027296327256	0.0199358158229809
14.4	0.0220890876140222	0.0225049996558387	0.0239273641732379	0.0210826351384395	0.0248779153683487	0.0196508131354572
14.5	0.0223076945478126	0.022100738754661	0.0230929578507186	0.0211085196586034	0.0234890474625815	0.0198268096485619
14.6	0.0225247052719662	0.0224792779629302	0.0231052035607199	0.0218533523651404	0.0235340605410195	0.0209246971082139
14.7	0.0227137310177406	0.0228037212999234	0.0232680811805725	0.0223393614192744	0.0235830809231096	0.0216193997057526
14.8	0.022888729518948	0.0229748468770898	0.0235071038259435	0.0224425899282361	0.0239444973481179	0.0218938763914363
14.9	0.023011697136691	0.0230697847149986	0.0239449830730791	0.022194586356918	0.024496717559398	0.0209925454810961
15	0.023127532646231	0.0224370873840155	0.025238525701286	0.019635649066745	0.0269813896977115	0.0165367035404868
15.1	0.0232651742809426	0.0230172969904671	0.0252927880947231	0.0207418058862111	0.0272201971711744	0.0193888758770681
15.2	0.0234251787787698	0.0234748778189705	0.0252065888150056	0.0217431668229354	0.0264688746688697	0.0210694207048846
15.3	0.0236664989464016	0.02390800796453	0.0253118667563942	0.0225041491726658	0.0264234174256668	0.0219976787090607
15.4	0.0239856047176263	0.0244254626846677	0.0258162060669365	0.0230347193023988	0.0270120018200048	0.0218653764183853
15.5	0.0243444912893398	0.0240147410770638	0.0260256504420902	0.0220038317120374	0.0269485149115994	0.0196330390406505
15.6	0.0247196558488696	0.0245023032439067	0.0266708921358031	0.0223337143520103	0.0281107782230314	0.0210614955716332
15.7	0.0251029374065964	0.0252798637271717	0.0270208172702462	0.0235389101840972	0.0279431850351992	0.0228559629678521
15.8	0.0254666026973452	0.0259423018466848	0.027489843693479	0.0243947599998907	0.0281966984584335	0.0231083228632878
15.9	0.0256690288511122	0.0265760833809416	0.0288467235122815	0.0243054432496016	0.0311845383284773	0.0225376178859272
16	0.0258678222422096	0.0263448120651066	0.0285312771151469	0.0241583470150663	0.0305140411587098	0.0226057566713212
16.1	0.0260404698045324	0.0261957817281058	0.0280064017689983	0.0243851616872133	0.0289136174831186	0.0223578228346868
16.2	0.0262047331683173	0.0265088893344657	0.0286329137474446	0.0243848649214869	0.0304887376689372	0.0227017574925941
16.3	0.0264311397335153	0.0269098109163378	0.0296520069291965	0.0241676149034792	0.0330374808175797	0.0224234177454195
16.4	0.026664868808932	0.0274012561514044	0.031143229762252	0.0236592825405567	0.0353403257266279	0.021715145769685
16.5	0.0268398356610752	0.0269465033037324	0.0301265455658925	0.0237664610415723	0.0326387061082178	0.0219667767809863
16.6	0.0269227388567382	0.0265818349347053	0.029273996705588	0.0238896731638227	0.0303130658056895	0.0203630758214887
16.7	0.0269186076913812	0.0266756268912983	0.0292002756245727	0.0241509781580239	0.029940254830783	0.0213079380872884
16.8	0.0267407795090099	0.0266068702953136	0.0289050631965806	0.0243086773940466	0.0297131578450623	0.022280889990184
16.9	0.0264171120746712	0.0267843815870067	0.0287914327370273	0.0247773304369861	0.0296768128213628	0.0234825806796771
17	0.0259666360458944	0.0263736106290091	0.0286840014748982	0.02406321978312	0.0299570029144855	0.0220086234181003
17.1	0.0253791610144158	0.0250537741123606	0.0276834458517135	0.0224241023730078	0.028824923707134	0.019646878774694
17.2	0.0247346533390812	0.0244175553549109	0.0273021552422468	0.021532955467575	0.0285531763708177	0.0188599051627526
17.3	0.0238279922574964	0.0235936746930128	0.0265405944334586	0.020646754952567	0.0276482605673948	0.01831377308237
17.4	0.0227794194319975	0.0229175088715211	0.0254820712462098	0.0203529464968324	0.0264711537940414	0.0187472740991132
17.5	0.0216804082622457	0.0222002005697884	0.0247080965170401	0.0196923046225368	0.0254940646208545	0.0174229183136421
17.6	0.0205305959496201	0.0204387278547833	0.0230390274855718	0.0178384282239948	0.0242506876247584	0.0157510998516667
17.7	0.0194182453261622	0.0192121359315476	0.0221221704808345	0.0163021013822607	0.0236415744265684	0.0142048771280094
17.8	0.0184547561462695	0.018336708950759	0.0211522252940414	0.0155211926074767	0.0228102102658218	0.0135662460169221
17.9	0.0175895285276452	0.0180569102914357	0.0202226266490482	0.0158911939338232	0.0217723967642556	0.0147331229599245
18	0.0168110097620869	0.0175868713243287	0.0195416359197657	0.0156321067288917	0.021377852911164	0.0138976636369561
18.1	0.0160466968172606	0.0162137719797146	0.0175815759000181	0.014845968059411	0.0182117338489328	0.0137249278909861
18.2	0.0153352305052321	0.0154053898054618	0.0169012925780726	0.013909487032851	0.0177010271935094	0.012311799480352
18.3	0.0146385450639374	0.0145760222780967	0.0161956639697681	0.0129563805864253	0.0171922511782811	0.0111218267187505
18.4	0.0138936396621987	0.0141068480218979	0.01550309526037	0.0127106007834257	0.0165979466523247	0.0117991870652208
18.5	0.0131025804966056	0.0142626256180275	0.016458831460091	0.0120664197759639	0.0193320681412143	0.0115963018480126
18.6	0.0123791489120668	0.0131332677250128	0.0149550360442337	0.0113114994057919	0.0168165518215498	0.0102481150549399
18.7	0.0117689420950942	0.0123713053043361	0.0142387436671721	0.0105038669415	0.0153661405780328	0.00898868164768049
18.8	0.011299944022806	0.0116823236156625	0.0135469354087462	0.00981771182257874	0.0143545981427163	0.00810601773040231
18.9	0.0110607496615949	0.0110107050716138	0.0126517302595481	0.00936967988367954	0.013436949433922	0.00815249748508837
19	0.011169169385901	0.0117197887408243	0.014273480114674	0.00916609736697467	0.0164336685980826	0.00752706171605762
19.1	0.01153215849402	0.0120150174299844	0.0150784265119879	0.00895160834798088	0.0172852193032907	0.00696154619909826
19.2	0.0121471654512845	0.012378722201368	0.0152752866956876	0.00948215770704831	0.017334689253961	0.00789658613259762
19.3	0.0128748958496955	0.012888445056812	0.0155446039236161	0.0102322861900079	0.0167606026953089	0.0088748875504055
19.4	0.0137950376618185	0.0132997609456103	0.015830854995667	0.0107686668955536	0.017433116622442	0.00872724510845771
19.5	0.0148606967570091	0.0146173810859321	0.0172382293372325	0.0119965328346316	0.0195020601941352	0.0116467487926255
19.6	0.0159272701882357	0.0160936666979993	0.0188764754210256	0.013310857974973	0.0215041224827392	0.0124888567641035
19.7	0.0170496624558484	0.0171706103114336	0.0199352561971558	0.0144059644257115	0.0220048244024686	0.0134053383946373
19.8	0.0182447709931324	0.0183264284462097	0.0208037005826237	0.0158491563097956	0.0222499800103341	0.0150029889173952
19.9	0.0195815320367217	0.0193103127462033	0.0213327313441252	0.0172878941482813	0.0227772924894471	0.0156843370357779
20	0.0209149412520674	0.020257376913348	0.0233156523238007	0.0171991015028954	0.0254492267012048	0.0132877246215574
20.1	0.0223717694772303	0.0225191926390025	0.0247853625954802	0.0202530226825249	0.0271035118756594	0.0196754398121636
20.2	0.0238663398652568	0.0242977842854023	0.026556415162725	0.0220391534080797	0.0294040555030038	0.0214984261724836
20.3	0.0253976806161534	0.0259899489113407	0.0283251985029255	0.023654699319756	0.0306619127255986	0.0226339625918111
20.4	0.026859457771127	0.0273009566581154	0.0290637162566363	0.0255381970595944	0.0300288831311444	0.0242899880304813
20.5	0.028384518434417	0.0279570479238389	0.0303334046419851	0.0255806912056926	0.0318789613097607	0.0225804048503245
20.6	0.0297236373814256	0.0298007579078313	0.031813092889027	0.0277884229266356	0.0330736491097908	0.0262594870051834
20.7	0.0309815993794287	0.0314115206693349	0.033122168402557	0.0297008729361128	0.0346784215638122	0.0283847388743577
20.8	0.032159612434819	0.0328605907337985	0.034649452491651	0.0310717289759459	0.0365921778960222	0.0304038626452864
20.9	0.0333611216603898	0.0341311997720215	0.0362279191228736	0.0320344804211693	0.0383028016327087	0.0307193178404561
21	0.0346799357973372	0.0346588137721677	0.0355457769521194	0.0337718505922159	0.036323169725125	0.0331322502754015
21.1	0.0361336041710547	0.0366698502292435	0.0383356960660312	0.0350040043924559	0.0396872605475329	0.0337504136077981
21.2	0.0378476983893497	0.0385885037458901	0.0411034108335832	0.0360735966581969	0.0439799873515887	0.0334136608508491
21.3	0.0396227034168317	0.0402340850874892	0.0426114983661351	0.0378566718088433	0.0449588457829844	0.0355513224588994
21.4	0.0413894092209366	0.0416403461729271	0.0432399616246548	0.0400407307211993	0.0444531270041132	0.0389841398784093
21.5	0.0430215823931215	0.0419161084566583	0.0459175968871661	0.0379146200261505	0.0483862443455197	0.0326760858765506
21.6	0.0447581065087208	0.0444734897768421	0.0474641123958431	0.0414828671578411	0.0500648159100346	0.0394327943803958
21.7	0.0463398035391827	0.0466214749920986	0.0487932082890492	0.044449741695148	0.0507074960000659	0.0435859931240842
21.8	0.0478991988474375	0.0486340650338547	0.0507119630973538	0.0465561669703557	0.0532183267551359	0.0453313043100194
21.9	0.0492897184681363	0.0506098553923342	0.0541624705750026	0.0470572402096658	0.0588926536603483	0.0451096783927956
22	0.050790269673277	0.0508805886163644	0.0529985387517233	0.0487626384810056	0.053944394392765	0.046558403782939
22.1	0.0522206882718969	0.0518637300435005	0.0546411334182492	0.0490863266687519	0.0566853224291847	0.0469078178252318
22.2	0.0535259201400796	0.0534713976371287	0.0565538179256323	0.050388977348625	0.0586803058862247	0.0487546091020026
22.3	0.0546451326319059	0.0549886495230442	0.058203959754338	0.0517733392917504	0.0601468566301048	0.050218622653354
22.4	0.05583730400505	0.0570226224247336	0.0607784172572602	0.0532668275922071	0.0649852309551709	0.050287514945852
22.5	0.0571956609513149	0.0575346789149123	0.060436329567476	0.0546330282623485	0.0613817020847258	0.0517377271873325
22.6	0.0584198618288444	0.0595992377883004	0.0640915219549383	0.0551069536216624	0.0691246075895327	0.051196953278106
22.7	0.0595457539105674	0.0611101164040198	0.0673540851832228	0.0548661476248168	0.0751900014593332	0.0508910073937277
22.8	0.0604871141091422	0.0619299153501548	0.0676068650662416	0.056252965634068	0.0752744818667936	0.0527176934421325
22.9	0.0612038194116642	0.0628123109923114	0.0689049342789836	0.0567196877056391	0.0769322879345959	0.0532937387709177
23	0.0616134628613553	0.0611614033463945	0.0654111074281604	0.0569116992646285	0.0662429583148568	0.0505769769710601
23.1	0.0620322762476215	0.0608883315597609	0.0663602862132603	0.0554163769062615	0.0699986426086353	0.0506488630651256
23.2	0.0624686455423387	0.0617507968853722	0.0669186346210327	0.0565829591497117	0.070418387871032	0.0529359246632611
23.3	0.0629784179343708	0.0626523080792654	0.0672385728298659	0.0580660433286649	0.0704294874837461	0.0561476995338321
23.4	0.0633342311136758	0.0645715885986719	0.0683572731372632	0.0607859040600806	0.0724842701068168	0.0581624782065773
23.5	0.0637874734629375	0.0654151834130702	0.0711084864522255	0.059721880373915	0.0774791827916769	0.0561177003738512
23.6	0.0645510998913961	0.0642622007214727	0.0673251762411663	0.0611992252017792	0.0682965367651922	0.0567837493361075
23.7	0.0660762105159537	0.0654194217469803	0.0690827507876688	0.0617560927062918	0.0699736962283619	0.057129801660996
23.8	0.0671462987668852	0.0662082409769882	0.0711393688759859	0.0612771130779906	0.073067450465506	0.0540729651753371
23.9	0.0661313784516256	0.0671253923944214	0.0717552753964995	0.0624955093923434	0.0741241464985683	0.056459585426353
24	0.0643408921116343	0.0630212984971662	0.070680747215888	0.0553618497784445	0.0742661692551756	0.045907937081093
24.1	0.063568011850658	0.0622730324781489	0.069971360367631	0.0545747045886668	0.0747260438859279	0.0470164227163661
24.2	0.0632347738929226	0.0627914023843957	0.0679474918854383	0.0576353128833531	0.0715188677836135	0.0529810761331529
24.3	0.0631121866403186	0.0632248451853318	0.0666133611754102	0.0598363291952534	0.0686648606232842	0.0580959341132409
24.4	0.0630933430435875	0.0644757511559173	0.068224702274878	0.0607268000369565	0.0731822483010471	0.0584516360189053
24.5	0.0630604482948757	0.0637867156379949	0.0680219826306469	0.0595514486453428	0.0716957295917853	0.0561612844228325
24.6	0.0629512506574623	0.0622714845997187	0.066202032602317	0.0583409365971205	0.067570051991102	0.0533601164306127
24.7	0.0625533346871388	0.0617208693187776	0.0663147401697815	0.0571269984677738	0.0685727621707209	0.0521465623424187
24.8	0.0619997742648502	0.0610525368526193	0.0661100416928044	0.0559950320124342	0.069373087281319	0.051721683397637
24.9	0.0612162079389354	0.0610314461020602	0.0648002632858305	0.0572626289182899	0.0675362313484308	0.055326653728254
25	0.060019095989573	0.0614090951868897	0.0661098846564196	0.0567083057173597	0.0731651997112325	0.054034271412657
25.1	0.0582159159842284	0.058433098747365	0.061447120160477	0.0554190773342531	0.0639033350256738	0.0530953358560347
25.2	0.0559065346766707	0.0561573630422984	0.0595887823291822	0.0527259437554147	0.0621354036758837	0.0501954446407348
25.3	0.0542952618289898	0.0546643123555774	0.0587922850748579	0.050536339636297	0.0619565184689445	0.047972864705674
25.4	0.0527108045025439	0.0541161294373655	0.0588843871357899	0.049347871738941	0.0640850268870042	0.0462187869180131
25.5	0.0517178974611564	0.052683784327623	0.0574444977732954	0.0479230708819506	0.0615566982797632	0.0455384513912173
25.6	0.0506813732441675	0.0504147913816033	0.0533392877326776	0.0474902950305291	0.054091935179779	0.0434821060962668
25.7	0.0497996606991364	0.0493467185513967	0.0523285633236367	0.0463648737791566	0.0533032574301834	0.0427620608312823
25.8	0.0486893159625838	0.0481967492753324	0.0512486464857432	0.0451448520649217	0.0528097272117049	0.0414663686786444
25.9	0.0473365845375863	0.0473678475267261	0.0493003897086001	0.0454353053448521	0.0506474288950773	0.0438291109038952
26	0.0459005076045993	0.0468188416671565	0.0493011035676991	0.0443365797666139	0.052536189937633	0.0423759217864291
26.1	0.0445166958476412	0.0446034684308777	0.0460257153248232	0.0431812215369323	0.0467939364094447	0.0413926706774669
26.2	0.0431274353166766	0.0427787370789355	0.0454612801124014	0.0400961940454697	0.046944504450442	0.0374662555691157
26.3	0.0415161146497325	0.0408247756437219	0.0450311961037029	0.0366183551837409	0.0475486903857722	0.0323424553230975
26.4	0.0398144399563589	0.0390257571509514	0.0443755064958474	0.0336760078060553	0.0476337333749199	0.0281969750273068
26.5	0.038055278836817	0.0383292766120837	0.041451500725581	0.0352070524985865	0.0437284438110916	0.0330649976832656
26.6	0.0362535120794064	0.0364070773119658	0.0389422919816774	0.0338718626422543	0.0405105127246975	0.0317924782865527
26.7	0.0343591922556139	0.0346349241648843	0.0360322057150921	0.0332376426146766	0.0371484535113589	0.0321968863262643
26.8	0.0323817233831056	0.0324599009351343	0.0333298020550408	0.0315899998152278	0.033854253215188	0.0307848921962959
26.9	0.0304269222841682	0.0304182659162401	0.0317452886179595	0.0290912432145208	0.033214655570993	0.0282566284496017
27	0.0284043506156345	0.0293488280681492	0.0329518473408615	0.0257458087954368	0.0355144979016701	0.0225668074925744
27.1	0.0264694588436776	0.0267961174410815	0.0302607517100408	0.0233314831721222	0.0324742593742544	0.0208500687682757
27.2	0.0243780731910029	0.0243819767961972	0.0278244198038172	0.0209395337885772	0.02968031020957	0.0188852934928555
27.3	0.0223546011806463	0.0221780993224412	0.0256786237323556	0.0186775749125268	0.0270755138322532	0.0168311422807814
27.4	0.0203035311169974	0.0196659463876152	0.0233986308226361	0.0159332619525943	0.0259051990794216	0.0137521654911985
27.5	0.0184242651716243	0.0188006865139452	0.0233593932724615	0.0142419797554289	0.026823542052343	0.0124413110524223
27.6	0.0167544014351937	0.0172739511464771	0.022780997360471	0.0117669049324833	0.0260854231027763	0.00746966331337418
27.7	0.0155784439110123	0.0160145225943606	0.0215457826439885	0.0104832625447327	0.0240562482563534	0.00617617598525808
27.8	0.0149814144750222	0.0154672147657709	0.0204797452368559	0.010454684294686	0.0218328768407154	0.00642301247130437
27.9	0.0151514937288353	0.0154434778766085	0.0190441874873663	0.0118427682658506	0.0200726717501865	0.00924656646565359
28	0.0160561044720613	0.0158810003821389	0.0186548861388053	0.0131071146254724	0.0214217960621137	0.0107600371078519
28.1	0.0174731888717517	0.0180269225249759	0.0195694820373563	0.0164843630125956	0.0214828944374264	0.0161185831201729
28.2	0.0194512234065459	0.0202978811469368	0.0216248081781943	0.0189709541156792	0.023149931213549	0.0184029800034069
28.3	0.021829383374359	0.0229622836832303	0.0253346628885457	0.0205899044779149	0.0284066154583709	0.0196486479535755
28.4	0.0245173210263754	0.0258867293353063	0.0305117447401841	0.0212617139304286	0.0365355991382744	0.0192443791300155
28.5	0.0274729037331196	0.0279052231892438	0.031572112857559	0.0242383335209287	0.0355017033942215	0.0225843632055031
28.6	0.0307384578165342	0.0311536804066341	0.0348373412208572	0.027470019592411	0.0383061383267785	0.0251191284397258
28.7	0.0339607237119668	0.0346129289240548	0.0385694456266809	0.0306564122214287	0.042408536786619	0.027811540263388
28.8	0.0371173847976316	0.0377670836291006	0.0410333994521006	0.0345007678061006	0.0436077435793538	0.0316000103563426
28.9	0.0402012607868512	0.0409296030722277	0.0442595888406462	0.0375996173038092	0.0462732847868904	0.0347235011101778
29	0.0431407099575242	0.0427091161539278	0.0472841803934636	0.0381340519143919	0.0494843327579906	0.0333392722563552
29.1	0.0459267975724944	0.0455183947783233	0.0508348527557588	0.0402019368008877	0.0541275010683557	0.0377119255994025
29.2	0.0486283780166707	0.0487894403209924	0.0536385072883855	0.0439403733535993	0.0561257988941542	0.0421273898294401
29.3	0.0513524787521472	0.052083966204756	0.0566138109455238	0.0475541214639883	0.0585273908364108	0.0443850515332647
29.4	0.054038413395088	0.055672554194717	0.0613660246576605	0.0499790837317734	0.0665096194534233	0.0453000333392581
29.5	0.0570313812226817	0.0574729915621986	0.0620557801479055	0.0528902029764917	0.0626124355106127	0.0483943846800433
29.6	0.0600304267543139	0.0596709190659926	0.0651474038207868	0.0541944343111984	0.0677986137779274	0.0505174501834766
29.7	0.063236674056481	0.0628273337088154	0.0691932517696352	0.0564614156479957	0.0729119158889315	0.0536037240039071
29.8	0.0664076756256792	0.0661765204180711	0.0731369678315023	0.0592160730046398	0.0783296986817588	0.0574616784423804
29.9	0.0700846366786679	0.0711302291391159	0.0775491077527764	0.0647113505254554	0.0819074599783375	0.0619250933507804
30	0.0738941396079672	0.0756350945599552	0.0815345149416295	0.069735674178281	0.0877644040391172	0.0652485584283588
30.1	0.0780585763400339	0.07913482613112	0.0840197373372898	0.0742499149249502	0.0868996996001846	0.0715550514878851
30.2	0.0818995846406287	0.0834052886696698	0.0884217740047128	0.0783888033346268	0.0944502773913418	0.0749789108564518
30.3	0.0849972182899592	0.0868446195498657	0.0926195931255261	0.0810696459742053	0.0998243597813832	0.076330882589002
30.4	0.0873213553350327	0.0899546077000022	0.0979162133494709	0.0819930020505335	0.108962931694231	0.077329288061451
30.5	0.0894287665689279	0.0906674057771465	0.0960799977624098	0.0852548137918832	0.102153963236715	0.0810127346981177
30.6	0.0916948844430116	0.0919652935417989	0.0948443536841625	0.0890862333994353	0.0958488934503864	0.0863310798580516
30.7	0.0941087107820807	0.0945429091079364	0.0978516347574218	0.0912341834584511	0.0999652017911195	0.0882249667424244
30.8	0.0966401144232812	0.0970582310367462	0.100329559924425	0.0937869021490673	0.102370313118664	0.0905608596004825
30.9	0.0993523284064102	0.1004943868565	0.104401539924191	0.0965872337888089	0.109273041368129	0.0938873709241631
31	0.102085568658491	0.103901182413286	0.110344203686538	0.0974581611400332	0.119534713393233	0.0940827104346723
31.1	0.104633385985566	0.105153126511872	0.107859676870762	0.102446576152982	0.110653439782796	0.100742794720784
31.2	0.106626795127833	0.106678187580712	0.107865995108446	0.105490380052978	0.108705881456337	0.104355455239289
31.3	0.108391139943935	0.120723529152632	0.250391864126898	-0.00894480582163422	0.11492040534724	0.102130433957251
31.4	0.109736991992107	0.108631678281453	0.114656838190785	0.102606518372122	0.119718916599552	0.0981673092194901
31.5	0.110240725982976	0.110444559930608	0.114392274023379	0.106496845837837	0.118076670462017	0.104221554831769
31.6	0.110668784277334	0.110133174259326	0.115289271634004	0.104977076884648	0.119837240668629	0.100982881330403
31.7	0.111643815751954	0.110989197287359	0.116273553640337	0.105704840934381	0.121343275310738	0.101155677852464
31.8	0.113319730383668	0.11280234480967	0.116961432710204	0.108643256909135	0.120045243714985	0.105151431451832
31.9	0.11540103843329	0.116095075846557	0.119643568951966	0.112546582741147	0.123326099293767	0.110490350296591
32	0.117574040941259	0.119446277627873	0.125762694219589	0.113129861036158	0.13254161303222	0.10991988606951
32.1	0.119532869491981	0.120338003546932	0.125047889228072	0.115628117865792	0.127706152712878	0.112125357791734
32.2	0.121430481597529	0.121670061754147	0.125318449218333	0.11802167428996	0.126585351198565	0.11514148576339
32.3	0.123141491868816	0.122823472932421	0.125746324232784	0.119900621632058	0.127258892117028	0.118052233696303
32.4	0.124680653185377	0.123870820496431	0.1276324437373	0.120109197255563	0.130520383760457	0.116530464775695
32.5	0.126085147908539	0.12650628686495	0.130658606309107	0.122353967420792	0.134234935775886	0.120217974986739
32.6	0.127484789917136	0.127733560726497	0.132424377731932	0.123042743721063	0.136011229870928	0.12043283025378
32.7	0.12906854429615	0.128936540002557	0.133441493788982	0.124431586216131	0.136218668530938	0.12245282331127
32.8	0.130900550728455	0.13035088638461	0.134227899394189	0.126473873375032	0.136293129269867	0.124619859202461
32.9	0.1329141103655	0.131648675633179	0.135880159794413	0.127417191471945	0.138784200451987	0.122103343193092
33	0.135066271496259	0.134517467281559	0.137805492718641	0.131229441844477	0.14012155784498	0.129731673288311
