!Freq, Nominal solution (no bias), Nominal solution + sensitivity-analysis standard uncertainty, Nominal solution - sensitivity-analysis standard uncertainty, Sensitivity-analysis upper 95% confidence interval, Sensitivity-analysis lower 95% confidence interval
0.2	0.00362209403799564	0.00391243732425524	0.00333175075173604	0.00420278061051484	0.00304140746547644
0.3	0.00346523861796321	0.00365120068710065	0.00327927654882577	0.00383716275623808	0.00309331447968833
0.4	0.00355948197815149	0.00365460513136102	0.00346435882494195	0.00374972828457056	0.00336923567173242
0.5	0.00368979001052055	0.00384514952375352	0.00353443049728758	0.00400050903698649	0.00337907098405461
0.6	0.00387894957805084	0.00415952069394138	0.0035983784621603	0.00444009180983192	0.00331780734626976
0.7	0.0040533048339232	0.00437768999416882	0.00372891967367758	0.00470207515441444	0.00340453451343195
0.8	0.00429240223462261	0.00462337393795037	0.00396143053129486	0.00495434564127812	0.0036304588279671
0.9	0.00447489855515385	0.00479724592506857	0.00415255118523914	0.00511959329498329	0.00383020381532442
1	0.00463663792215352	0.00492052819369565	0.00435274765061138	0.00520441846523778	0.00406885737906925
1.1	0.00466279606998187	0.00492869747173688	0.00439689466822686	0.00519459887349189	0.00413099326647185
1.2	0.00442414151600606	0.00474959259912309	0.00409869043288903	0.00507504368224011	0.003773239349772
1.3	0.00373085219092278	0.00426030237788871	0.00320140200395684	0.00478975256485465	0.0026719518169909
1.4	0.00294418762029499	0.00354991572931526	0.00233845951127473	0.00415564383833552	0.00173273140225447
1.5	0.00265329548671032	0.00317742199052097	0.00212916898289966	0.00370154849433163	0.00160504247908901
1.6	0.00275065924184479	0.00327591894358138	0.0022253995401082	0.00380117864531797	0.00170013983837161
1.7	0.00304454006577284	0.0035003418076946	0.00258873832385109	0.00395614354961636	0.00213293658192933
1.8	0.00334609198183419	0.00371417552311285	0.00297800844055553	0.00408225906439151	0.00260992489927687
1.9	0.00358207295301301	0.003839690010102	0.00332445589592402	0.00409730706719099	0.00306683883883503
2	0.0037752246552375	0.00417502566986614	0.00337542364060887	0.00457482668449478	0.00297562262598023
2.1	0.00384655247460545	0.00401837482302971	0.00367473012618119	0.00419019717145398	0.00350290777775692
2.2	0.00384609697979599	0.00404148645801076	0.00365070750158122	0.00423687593622553	0.00345531802336645
2.3	0.00375989194087985	0.00405266318653255	0.00346712069522715	0.00434543443218526	0.00317434944957445
2.4	0.00359216164457263	0.00396202464002408	0.00322229864912118	0.00433188763547553	0.00285243565366974
2.5	0.00337855946811226	0.00366577769656575	0.00309134123965877	0.00395299592501924	0.00280412301120528
2.6	0.00329535680277355	0.00360179451295358	0.00298891909259351	0.00390823222313362	0.00268248138241348
2.7	0.0034050771109828	0.00370280543431447	0.00310734878765112	0.00400053375764614	0.00280962046431945
2.8	0.00371770480838228	0.00399174716718614	0.00344366244957841	0.00426578952599001	0.00316962009077454
2.9	0.00410057118059123	0.00432142832426247	0.00387971403691999	0.0045422854679337	0.00365885689324875
3	0.00448988117352761	0.00484764855788336	0.00413211378917187	0.0052054159422391	0.00377434640481612
3.1	0.00480167138699552	0.00511251386022587	0.00449082891376517	0.00542335633345621	0.00417998644053483
3.2	0.00497628189013123	0.0053133464222297	0.00463921735803275	0.00565041095432818	0.00430215282593428
3.3	0.00502878451433235	0.00539542429625998	0.00466214473240471	0.00576206407818762	0.00429550495047708
3.4	0.0049508550173086	0.0053308662976705	0.0045708437369467	0.0057108775780324	0.0041908324565848
3.5	0.00480778206732799	0.00505998427680622	0.00455557985784976	0.00531218648628445	0.00430337764837153
3.6	0.00459557185779756	0.00483260375499037	0.00435853996060475	0.00506963565218319	0.00412150806341193
3.7	0.00439290967503275	0.00482066650141487	0.00396515284865063	0.00524842332779699	0.00353739602226851
3.8	0.00429793396370059	0.0048747855474895	0.00372108237991168	0.0054516371312784	0.00314423079612277
3.9	0.00432091221773846	0.00491009983417575	0.00373172460130117	0.00549928745061304	0.00314253698486388
4	0.00443009889990608	0.00482593711500511	0.00403426068480704	0.00522177533010415	0.00363842246970801
4.1	0.00456605213735701	0.0048961567900505	0.00423594748466352	0.00522626144274399	0.00390584283197003
4.2	0.00467741764015728	0.00490509156909154	0.00444974371122302	0.0051327654980258	0.00422206978228876
4.3	0.0047256521414858	0.00491782619194414	0.00453347809102746	0.00511000024240248	0.00434130404056912
4.4	0.00465163052891105	0.00485689454085013	0.00444636651697197	0.00506215855278921	0.00424110250503289
4.5	0.00447400676870707	0.00483946541192215	0.004108548125492	0.00520492405513722	0.00374308948227692
4.6	0.00421629236638875	0.00472357667949579	0.0037090080532817	0.00523086099260284	0.00320172374017466
4.7	0.00398945526740506	0.00439885251976626	0.00358005801504387	0.00480824977212746	0.00317066076268267
4.8	0.00380559514135343	0.00413169221272826	0.00347949806997861	0.00445778928410308	0.00315340099860379
4.9	0.00379527259158794	0.00404331785074912	0.00354722733242676	0.0042913631099103	0.00329918207326557
5	0.00395582867199608	0.00422768115124164	0.00368397619275051	0.00449953363048721	0.00341212371350495
5.1	0.00422199930113224	0.00442970868228105	0.00401428991998342	0.00463741806342987	0.00380658053883461
5.2	0.00449209802612378	0.00485584285665588	0.00412835319559167	0.00521958768718799	0.00376460836505957
5.3	0.00468825366075174	0.00514098852168418	0.0042355187998193	0.00559372338261661	0.00378278393888687
5.4	0.00474985297787958	0.00521200607139739	0.00428769988436176	0.0056741591649152	0.00382554679084395
5.5	0.00462888289388975	0.00498100569392795	0.00427676009385155	0.00533312849396615	0.00392463729381335
5.6	0.00442935753501369	0.00487947139315523	0.00397924367687216	0.00532958525129677	0.00352912981873062
5.7	0.00410212690516935	0.00447465185004639	0.00372960196029231	0.00484717679492343	0.00335707701541528
5.8	0.00371782433449177	0.00431122637642991	0.00312442229255362	0.00490462841836805	0.00253102025061548
5.9	0.00327853895196254	0.0043624256781024	0.00219465222582268	0.00544631240424225	0.00111076549968283
6	0.00284755455485865	0.00398791782078157	0.00170719128893573	0.00512828108670449	0.000566828023012806
6.1	0.00246972865201719	0.00311259317900359	0.00182686412503079	0.00375545770598999	0.00118399959804439
6.2	0.00216478131672091	0.00266750266437205	0.00166205996906978	0.00317022401202319	0.00115933862141864
6.3	0.0019814800966961	0.00262549794879374	0.00133746224459846	0.00326951580089138	0.000693444392500819
6.4	0.0018353777954067	0.00249087452582654	0.00117988106498687	0.00314637125624637	0.000524384334567032
6.5	0.00170933313364326	0.00265501937078238	0.000763646896504138	0.0036007056079215	-0.000182039340634982
6.6	0.00152684268911003	0.00246729851637183	0.000586386861848239	0.00340775434363362	-0.000354068965413556
6.7	0.00127393817783463	0.00183554428262726	0.000712332073042001	0.00239715038741988	0.000150725968249373
6.8	0.000945325487794127	0.00121556933164686	0.000675081643941392	0.0014858131754996	0.000404837800088657
6.9	0.000586681637058346	0.00108781710415605	8.55461699606408E-05	0.00158895257125376	-0.000415589297137065
7	0.000350430479056804	0.000940222779552235	-0.000239361821438628	0.00153001508004767	-0.000829154121934059
7.1	0.000478175099000707	0.00163302091507045	-0.000676670717069037	0.00278786673114019	-0.00183151653313878
7.2	0.000851956771175944	0.00224794103382515	-0.000544027491473259	0.00364392529647435	-0.00194001175412246
7.3	0.00129058814097531	0.00265719733158275	-7.60210496321336E-05	0.00402380652219019	-0.00144263024023958
7.4	0.00177354063643369	0.00286015822572791	0.000686923047139464	0.00394677581502213	-0.000399694542154757
7.5	0.00233617645228959	0.00364078475494107	0.00103156814963812	0.00494539305759255	-0.00027304015301336
7.6	0.00288841940207289	0.00393629092817246	0.00184054787597331	0.00498416245427203	0.000792676349873741
7.7	0.00337493557356663	0.00451183536233994	0.00223803578479332	0.00564873515111325	0.00110113599602001
7.8	0.00365591748567956	0.00481574561957648	0.00249608935178264	0.0059755737534734	0.00133626121788572
7.9	0.00379051543820299	0.00509270709335789	0.00248832378304808	0.00639489874851279	0.00118613212789318
8	0.00385807121961908	0.00511463309809609	0.00260150934114207	0.00637119497657311	0.00134494746266505
8.1	0.00396330561807585	0.00506784354685508	0.00285876768929661	0.00617238147563431	0.00175422976051738
8.2	0.00408934827179651	0.00528779652570482	0.0028909000178882	0.00648624477961313	0.00169245176397989
8.3	0.00425545024276994	0.00547461576504452	0.00303628472049535	0.00669378128731911	0.00181711919822077
8.4	0.00454307862094837	0.0056706988353371	0.00341545840655964	0.00679831904972583	0.00228783819217091
8.5	0.00489178197041623	0.00610592529342017	0.00367763864741229	0.00732006861642411	0.00246349532440836
8.6	0.00533139635450627	0.00662806173780662	0.00403473097120592	0.00792472712110697	0.00273806558790556
8.7	0.00581178118312347	0.00740013128293088	0.00422343108331606	0.00898848138273829	0.00263508098350866
8.8	0.00633731082424085	0.0080529248571467	0.004621696791335	0.00976853889005255	0.00290608275842915
8.9	0.00681112468418531	0.00840643570562781	0.00521581366274281	0.0100017467270703	0.00362050264130031
9	0.00718635594752845	0.00841142548740123	0.00596128640765566	0.00963649502727402	0.00473621686778288
9.1	0.00744485362761277	0.00840801191094617	0.00648169534427936	0.00937117019427958	0.00551853706094596
9.2	0.00755547088030244	0.00843756894406426	0.00667337281654062	0.00931966700782608	0.0057912747527788
9.3	0.0075831909484603	0.00847180696765966	0.00669457492926094	0.00936042298685902	0.00580595891006158
9.4	0.0075640653001915	0.00840481114423068	0.00672331945615233	0.00924555698826985	0.00588257361211315
9.5	0.00754595471060164	0.00875205841606619	0.0063398510051371	0.00995816212153074	0.00513374729967255
9.6	0.00750672099610276	0.00811280958830538	0.00690063240390013	0.00871889818050801	0.0062945438116975
9.7	0.00750956074134393	0.00815277616524096	0.00686634531744689	0.008795991589138	0.00622312989354986
9.8	0.00755300326037621	0.00849834446081444	0.00660766205993798	0.00944368566125267	0.00566232085949975
9.9	0.00767234830738068	0.00881639640816297	0.00652830020659839	0.00996044450894527	0.00538425210581609
10	0.00785022594064209	0.00856772739298159	0.00713272448830259	0.0092852288453211	0.00641522303596309
10.1	0.00812790529010725	0.00867062807501767	0.00758518250519684	0.00921335085992808	0.00704245972028642
10.2	0.0085034509864512	0.00919301713483022	0.00781388483807218	0.00988258328320924	0.00712431868969316
10.3	0.00891260119447403	0.00975370997473655	0.00807149241421151	0.0105948187549991	0.00723038363394899
10.4	0.00935675210813881	0.0102676830527844	0.0084458211634932	0.01117861399743	0.00753489021884759
10.5	0.00976414074523721	0.0104104832752711	0.0091177982152033	0.011056825805305	0.00847145568516938
10.6	0.0101292527668977	0.0107310970846821	0.00952740844911335	0.0113329414024665	0.00892556413132896
10.7	0.0105488657117656	0.0115577832701038	0.00953994815342748	0.0125667008284419	0.00853103059508935
10.8	0.0109565208995254	0.0120259306425555	0.00988711115649525	0.0130953403855856	0.00881770141346513
10.9	0.0113150244361001	0.0121511745117387	0.0104788743604614	0.0129873245873774	0.00964272428482278
11	0.0117760922572787	0.0130479551999224	0.0105042293146349	0.0143198181425661	0.00923236637199122
11.1	0.012261452381149	0.0134944821344098	0.0110284226278882	0.0147275118876705	0.00979539287462745
11.2	0.0127990259446282	0.013613493524017	0.0119845583652394	0.0144279611034058	0.0111700907858506
11.3	0.0134173184060316	0.0139370026669435	0.0128976341451197	0.0144566869278554	0.0123779498842078
11.4	0.0138808799314951	0.0145751716835198	0.0131865881794704	0.0152694634355445	0.0124922964274457
11.5	0.0142627358238004	0.0147761096464117	0.0137493620011891	0.0152894834690231	0.0132359881785778
11.6	0.0146660619714813	0.0152148822848034	0.0141172416581592	0.0157637025981256	0.013568421344837
11.7	0.0150386162697138	0.0157888991502289	0.0142883333891987	0.0165391820307439	0.0135380505086836
11.8	0.0153480799360051	0.0166153278798712	0.014080831992139	0.0178825758237373	0.0128135840482729
11.9	0.0156922201561236	0.0178957125654729	0.0134887277467742	0.0200992049748222	0.0112852353374249
12	0.015957341324761	0.0181094717089131	0.0138052109406089	0.0202616020930652	0.0116530805564568
12.1	0.0163102829693639	0.0179059468364759	0.014714619102252	0.0195016107035878	0.01311895523514
12.2	0.0166058588660394	0.0180631642342797	0.015148553497799	0.0195204696025201	0.0136912481295587
12.3	0.016898256829817	0.0183120838802306	0.0154844297794034	0.0197259109306442	0.0140706027289898
12.4	0.0171779027669267	0.0185910029237645	0.0157648026100888	0.0200041030806024	0.014351702453251
12.5	0.0173506905096966	0.0188854416549684	0.0158159393644248	0.0204201928002402	0.0142811882191531
12.6	0.0175834553357994	0.0194199049542941	0.0157470057173048	0.0212563545727888	0.0139105560988101
12.7	0.0177001292563605	0.0197848935301101	0.0156153649826109	0.0218696578038598	0.0135306007088613
12.8	0.0179148688182151	0.0201727690676779	0.0156569685687522	0.0224306693171408	0.0133990683192894
12.9	0.018083771094445	0.0201755422980253	0.0159919998908647	0.0222673135016056	0.0139002286872843
13	0.0182856212331243	0.0201044254799615	0.0164668169862871	0.0219232297267988	0.0146480127394499
13.1	0.0185651225530162	0.0205328849471443	0.016597360158888	0.0225006473412725	0.0146295977647598
13.2	0.0188947187537879	0.0208289803015463	0.0169604572060295	0.0227632418493047	0.0150261956582712
13.3	0.0192808482662956	0.0209490863476033	0.0176126101849878	0.0226173244289111	0.01594437210368
13.4	0.0196925872404831	0.0212573947322277	0.0181277797487385	0.0228222022239722	0.016562972256994
13.5	0.0201467758900242	0.0221169717235115	0.018176580056537	0.0240871675569987	0.0162063842230497
13.6	0.020566305536887	0.0218649975739059	0.0192676134998682	0.0231636896109247	0.0179689214628493
13.7	0.0209384300565987	0.0221370971956554	0.019739762917542	0.0233357643347121	0.0185410957784853
13.8	0.0212749095659543	0.0225287927124456	0.0200210264194629	0.023782675858937	0.0187671432729715
13.9	0.0215561925405776	0.0227653232051088	0.0203470618760464	0.02397445386964	0.0191379312115152
14	0.0216781209955319	0.0226835712388445	0.0206726707522193	0.023689021482157	0.0196672205089067
14.1	0.021797019655315	0.0224070649597223	0.0211869743509077	0.0230171102641296	0.0205769290465004
14.2	0.0218624352951033	0.0225906935626722	0.0211341770275345	0.023318951830241	0.0204059187599656
14.3	0.0220178618831126	0.0229744430888595	0.0210612806773656	0.0239310242946065	0.0201046994716187
14.4	0.0220890876140222	0.0232482087878363	0.020929966440208	0.0244073299616505	0.0197708452663938
14.5	0.0223076945478126	0.0230780229691372	0.021537366126488	0.0238483513904618	0.0207670377051634
14.6	0.0225247052719662	0.0230595658968438	0.0219898446470886	0.0235944265217214	0.021454984022211
14.7	0.0227137310177406	0.0231747790865345	0.0222526829489468	0.0236358271553283	0.0217916348801529
14.8	0.022888729518948	0.0234590177887955	0.0223184412491004	0.024029306058643	0.0217481529792529
14.9	0.023011697136691	0.0238894164146008	0.0221339778587812	0.0247671356925106	0.0212562585808713
15	0.023127532646231	0.0250887430623993	0.0211663222300626	0.0270499534785677	0.0192051118138942
15.1	0.0232651742809426	0.0253571218720933	0.0211732266897919	0.027449069463244	0.0190812790986412
15.2	0.0234251787787698	0.0252318293183592	0.0216185282391803	0.0270384798579487	0.0198118776995909
15.3	0.0236664989464016	0.0251994770772517	0.0221335208155515	0.0267324552081018	0.0206005426847014
15.4	0.0239856047176263	0.0253045000184781	0.0226667094167744	0.0266233953193299	0.0213478141159226
15.5	0.0243444912893398	0.0259537515595062	0.0227352310191734	0.0275630118296726	0.021125970749007
15.6	0.0247196558488696	0.0267437751257166	0.0226955365720226	0.0287678944025636	0.0206714172951756
15.7	0.0251029374065964	0.0269359837535061	0.0232698910596868	0.0287690301004158	0.0214368447127771
15.8	0.0254666026973452	0.0270304305771838	0.0239027748175065	0.0285942584570224	0.0223389469376679
15.9	0.0256690288511122	0.0273973881606597	0.0239406695415647	0.0291257474702072	0.0222123102320172
16	0.0258678222422096	0.0277852440123868	0.0239504004720325	0.0297026657825639	0.0220329787018553
16.1	0.0260404698045324	0.0277280647575956	0.0243528748514692	0.0294156597106587	0.0226652798984061
16.2	0.0262047331683173	0.0281457862457138	0.0242636800909209	0.0300868393231103	0.0223226270135244
16.3	0.0264311397335153	0.0288220082062151	0.0240402712608156	0.0312128766789148	0.0216494027881159
16.4	0.026664868808932	0.0297896034736217	0.0235401341442422	0.0329143381383114	0.0204153994795525
16.5	0.0268398356610752	0.0294514498136634	0.024228221508487	0.0320630639662517	0.0216166073558987
16.6	0.0269227388567382	0.0290314134656267	0.0248140642478497	0.0311400880745152	0.0227053896389611
16.7	0.0269186076913812	0.0290675427397863	0.024769672642976	0.0312164777881914	0.0226207375945709
16.8	0.0267407795090099	0.0288288825317968	0.024652676486223	0.0309169855545837	0.0225645734634361
16.9	0.0264171120746712	0.0282826329877778	0.0245515911615646	0.0301481539008845	0.0226860702484579
17	0.0259666360458944	0.0278991946250007	0.024034077466788	0.0298317532041071	0.0221015188876817
17.1	0.0253791610144158	0.0275284923105503	0.0232298297182813	0.0296778236066848	0.0210804984221469
17.2	0.0247346533390812	0.027217328648518	0.0222519780296444	0.0297000039579549	0.0197693027202076
17.3	0.0238279922574964	0.0264418642246549	0.0212141202903378	0.0290557361918135	0.0186002483231793
17.4	0.0227794194319975	0.0252059290665984	0.0203529097973967	0.0276324387011992	0.0179264001627959
17.5	0.0216804082622457	0.0238931177280883	0.019467698796403	0.026105827193931	0.0172549893305603
17.6	0.0205305959496201	0.0228672367232115	0.0181939551760287	0.0252038774968028	0.0158573144024374
17.7	0.0194182453261622	0.0220422558794378	0.0167942347728867	0.0246662664327133	0.0141702242196112
17.8	0.0184547561462695	0.0210888950640741	0.0158206172284649	0.0237230339818788	0.0131864783106603
17.9	0.0175895285276452	0.019739368780868	0.0154396882744225	0.0218892090340907	0.0132898480211997
18	0.0168110097620869	0.0185049055222432	0.0151171140019306	0.0201988012823994	0.0134232182417744
18.1	0.0160466968172606	0.0175049238503598	0.0145884697841613	0.0189631508834591	0.0131302427510621
18.2	0.0153352305052321	0.016870625588335	0.0137998354221293	0.0184060206714378	0.0122644403390265
18.3	0.0146385450639374	0.0161901402368897	0.0130869498909852	0.0177417354098419	0.011535354718033
18.4	0.0138936396621987	0.0153859612090795	0.012401318115318	0.0168782827559602	0.0109089965684372
18.5	0.0131025804966056	0.014139901682496	0.0120652593107152	0.0151772228683863	0.0110279381248248
18.6	0.0123791489120668	0.0134929196521409	0.0112653781719926	0.0146066903922151	0.0101516074319184
18.7	0.0117689420950942	0.0130889649968379	0.0104489191933504	0.0144089878985817	0.0091288962916067
18.8	0.011299944022806	0.0128225483046975	0.00977733974091445	0.014345152586589	0.00825473545902293
18.9	0.0110607496615949	0.0124916065146519	0.00962989280853785	0.0139224633677089	0.00819903595548084
19	0.011169169385901	0.0131579776339814	0.00918036113782051	0.0151467858820619	0.00719155288974005
19.1	0.01153215849402	0.0141223117975583	0.00894200519048166	0.0167124651010966	0.00635185188694335
19.2	0.0121471654512845	0.0147514780840614	0.00954285281850766	0.0173557907168383	0.00693854018573078
19.3	0.0128748958496955	0.0153616902885571	0.010388101410834	0.0178484847274187	0.0079013069719724
19.4	0.0137950376618185	0.0161204131372451	0.011469662186392	0.0184457886126716	0.00914428671096539
19.5	0.0148606967570091	0.0172308772104473	0.012490516303571	0.0196010576638855	0.0101203358501328
19.6	0.0159272701882357	0.0184161374093606	0.0134384029671107	0.0209050046304856	0.0109495357459857
19.7	0.0170496624558484	0.0195995469474574	0.0144997779642395	0.0221494314390663	0.0119498934726305
19.8	0.0182447709931324	0.0205854105528246	0.0159041314334403	0.0229260501125167	0.0135634918737482
19.9	0.0195815320367217	0.0214863014004147	0.0176767626730287	0.0233910707641076	0.0157719933093357
20	0.0209149412520674	0.02326520204469	0.0185646804594448	0.0256154628373126	0.0162144196668222
20.1	0.0223717694772303	0.0240722793492434	0.0206712596052173	0.0257727892212564	0.0189707497332042
20.2	0.0238663398652568	0.0254555719367083	0.0222771077938053	0.0270448040081598	0.0206878757223538
20.3	0.0253976806161534	0.027074029056514	0.0237213321757927	0.0287503774968747	0.022044983735432
20.4	0.026859457771127	0.0282988658656458	0.0254200496766082	0.0297382739601646	0.0239806415820894
20.5	0.028384518434417	0.0300986447584739	0.0266703921103601	0.0318127710825309	0.0249562657863032
20.6	0.0297236373814256	0.0312074995575939	0.0282397752052573	0.0326913617337622	0.0267559130290889
20.7	0.0309815993794287	0.0321025503975046	0.0298606483613528	0.0332235014155804	0.0287396973432769
20.8	0.032159612434819	0.0332010566424903	0.0311181682271477	0.0342425008501616	0.0300767240194764
20.9	0.0333611216603898	0.0349613381433438	0.0317609051774359	0.0365615546262977	0.030160688694482
21	0.0346799357973372	0.0355812693517773	0.0337786022428971	0.0364826029062175	0.0328772686884569
21.1	0.0361336041710547	0.0376214666223172	0.0346457417197922	0.0391093290735797	0.0331578792685297
21.2	0.0378476983893497	0.0399383925088246	0.0357570042698748	0.0420290866282995	0.0336663101504
21.3	0.0396227034168317	0.0415569130092283	0.037688493824435	0.0434911226016249	0.0357542842320384
21.4	0.0413894092209366	0.0424709291417159	0.0403078893001573	0.0435524490624952	0.039226369379378
21.5	0.0430215823931215	0.0459500866020495	0.0400930781841934	0.0488785908109776	0.0371645739752654
21.6	0.0447581065087208	0.0476875798020411	0.0418286332154005	0.0506170530953614	0.0388991599220802
21.7	0.0463398035391827	0.04861307394411	0.0440665331342553	0.0508863443490374	0.041793262729328
21.8	0.0478991988474375	0.0496369186768691	0.0461614790180058	0.0513746385063007	0.0444237591885742
21.9	0.0492897184681363	0.051537649645909	0.0470417872903636	0.0537855808236817	0.0447938561125908
22	0.050790269673277	0.0524814856203499	0.0490990537262042	0.0541727015674227	0.0474078377791313
22.1	0.0522206882718969	0.0547598551751724	0.0496815213686214	0.0572990220784479	0.0471423544653459
22.2	0.0535259201400796	0.0565846341927373	0.050467206087422	0.0596433482453949	0.0474084920347644
22.3	0.0546451326319059	0.0579208395580672	0.0513694257057447	0.0611965464842285	0.0480937187795834
22.4	0.05583730400505	0.0589302100616719	0.0527443979484282	0.0620231161182937	0.0496514918918064
22.5	0.0571956609513149	0.0599868302159371	0.0544044916866926	0.0627779994805593	0.0516133224220704
22.6	0.0584198618288444	0.0623385635408084	0.0545011601168804	0.0662572652527725	0.0505824584049164
22.7	0.0595457539105674	0.0647468122005263	0.0543446956206084	0.0699478704904853	0.0491436373306495
22.8	0.0604871141091422	0.06510353532444	0.0558706928938444	0.0697199565397377	0.0512542716785466
22.9	0.0612038194116642	0.0659128824152609	0.0564947564080674	0.0706219454188576	0.0517856934044707
23	0.0616134628613553	0.0645044557031159	0.0587224700195946	0.0673954485448766	0.0558314771778339
23.1	0.0620322762476215	0.0663597862144849	0.0577047662807582	0.0706872961813483	0.0533772563138948
23.2	0.0624686455423387	0.0670542246393449	0.0578830664453325	0.0716398037363512	0.0532974873483262
23.3	0.0629784179343708	0.0673572185647341	0.0585996173040074	0.0717360191950974	0.0542208166736441
23.4	0.0633342311136758	0.0664999900295623	0.0601684721977892	0.0696657489454489	0.0570027132819026
23.5	0.0637874734629375	0.0680808369739121	0.0594941099519629	0.0723742004848868	0.0552007464409882
23.6	0.0645510998913961	0.0669220846683496	0.0621801151144425	0.0692930694453032	0.0598091303374889
23.7	0.0660762105159537	0.068932275418087	0.0632201456138203	0.0717883403202204	0.0603640807116869
23.8	0.0671462987668852	0.070755951709332	0.0635366458244385	0.0743656046517787	0.0599269928819917
23.9	0.0661313784516256	0.0703309170486743	0.061931839854577	0.0745304556457229	0.0577323012575284
24	0.0643408921116343	0.0698101488285727	0.0588716353946959	0.075279405545511	0.0534023786777576
24.1	0.063568011850658	0.0698573597605106	0.0572786639408055	0.0761467076703631	0.0509893160309529
24.2	0.0632347738929226	0.0678519640395215	0.0586175837463238	0.0724691541861203	0.0540003935997249
24.3	0.0631121866403186	0.0663850338080579	0.0598393394725794	0.0696578809757971	0.0565664923048402
24.4	0.0630933430435875	0.0658537714012584	0.0603329146859166	0.0686141997589292	0.0575724863282457
24.5	0.0630604482948757	0.0665831486056999	0.0595377479840516	0.0701058489165241	0.0560150476732274
24.6	0.0629512506574623	0.0659148558762109	0.0599876454387137	0.0688784610949594	0.0570240402199651
24.7	0.0625533346871388	0.0662390971172868	0.0588675722569907	0.0699248595474349	0.0551818098268427
24.8	0.0619997742648502	0.0662244621305636	0.0577750863991368	0.0704491499962769	0.0535503985334235
24.9	0.0612162079389354	0.0650005256950302	0.0574318901828405	0.0687848434511251	0.0536475724267456
25	0.060019095989573	0.06326524112089	0.0567729508582559	0.066511386252207	0.0535268057269389
25.1	0.0582159159842284	0.0606549323962719	0.0557768995721849	0.0630939488083154	0.0533378831601413
25.2	0.0559065346766707	0.0584520266646754	0.053361042688666	0.0609975186526801	0.0508155507006613
25.3	0.0542952618289898	0.0579336556819686	0.0506568679760109	0.0615720495349475	0.0470184741230321
25.4	0.0527108045025439	0.0568581106278385	0.0485634983772493	0.0610054167531331	0.0444161922519547
25.5	0.0517178974611564	0.0554851281536242	0.0479506667686885	0.059252358846092	0.0441834360762207
25.6	0.0506813732441675	0.0528248854740717	0.0485378610142632	0.054968397703976	0.046394348784359
25.7	0.0497996606991364	0.0521606335314014	0.0474386878668714	0.0545216063636664	0.0450777150346064
25.8	0.0486893159625838	0.0511577324824673	0.0462208994427004	0.0536261490023508	0.0437524829228169
25.9	0.0473365845375863	0.0492538277262265	0.0454193413489461	0.0511710709148667	0.0435020981603059
26	0.0459005076045993	0.0480080126958428	0.0437930025133558	0.0501155177870862	0.0416854974221124
26.1	0.0445166958476412	0.0458473965337364	0.0431859951615459	0.0471780972198317	0.0418552944754507
26.2	0.0431274353166766	0.0452950401361248	0.0409598304972284	0.0474626449555731	0.0387922256777801
26.3	0.0415161146497325	0.0449854537502854	0.0380467755491795	0.0484547928508383	0.0345774364486266
26.4	0.0398144399563589	0.0446408263193424	0.0349880535933755	0.0494672126823259	0.030161667230392
26.5	0.038055278836817	0.0413453845687617	0.0347651731048723	0.0446354903007063	0.0314750673729277
26.6	0.0362535120794064	0.0390935591134425	0.0334134650453704	0.0419336061474786	0.0305734180113343
26.7	0.0343591922556139	0.0359121348541667	0.0328062496570612	0.0374650774527195	0.0312533070585084
26.8	0.0323817233831056	0.0332197875142842	0.0315436592519271	0.0340578516454627	0.0307055951207485
26.9	0.0304269222841682	0.0317973304254863	0.0290565141428501	0.0331677385668044	0.027686106001532
27	0.0284043506156345	0.0311503786255699	0.0256583226056992	0.0338964066355052	0.0229122945957638
27.1	0.0264694588436776	0.0296272461404439	0.0233116715469113	0.0327850334372102	0.020153884250145
27.2	0.0243780731910029	0.0276057540913951	0.0211503922906107	0.0308334349917873	0.0179227113902185
27.3	0.0223546011806463	0.025680982251982	0.0190282201093107	0.0290073633233176	0.0157018390379751
27.4	0.0203035311169974	0.0237792171434987	0.0168278450904961	0.02725490317	0.0133521590639948
27.5	0.0184242651716243	0.0225941425816007	0.0142543877616479	0.0267640199915771	0.0100845103516715
27.6	0.0167544014351937	0.0218984708874012	0.0116103319829863	0.0270425403396087	0.00646626253077879
27.7	0.0155784439110123	0.02082141064813	0.0103354771738946	0.0260643773852476	0.00509251043677693
27.8	0.0149814144750222	0.0197500420201483	0.0102127869298962	0.0245186695652743	0.00544415938477016
27.9	0.0151514937288353	0.0184843484006639	0.0118186390570066	0.0218172030724926	0.00848578438517792
28	0.0160561044720613	0.0180110497514636	0.014101159192659	0.0199659950308659	0.0121462139132567
28.1	0.0174731888717517	0.0183040624647742	0.0166423152787293	0.0191349360577967	0.0158114416857068
28.2	0.0194512234065459	0.0203154875028708	0.0185869593102209	0.0211797515991958	0.017722695213896
28.3	0.021829383374359	0.0236158974813448	0.0200428692673732	0.0254024115883305	0.0182563551603875
28.4	0.0245173210263754	0.0282517501217156	0.0207828919310353	0.0319861792170557	0.0170484628356951
28.5	0.0274729037331196	0.0306477375196996	0.0242980699465395	0.0338225713062797	0.0211232361599595
28.6	0.0307384578165342	0.0341671629493471	0.0273097526837214	0.0375958680821599	0.0238810475509086
28.7	0.0339607237119668	0.0375450444846488	0.0303764029392849	0.0411293652573307	0.0267920821666029
28.8	0.0371173847976316	0.040015101165829	0.0342196684294341	0.0429128175340265	0.0313219520612367
28.9	0.0402012607868512	0.0430307938314155	0.0373717277422869	0.0458603268759799	0.0345421946977225
29	0.0431407099575242	0.0470843089974369	0.0391971109176115	0.0510279080373497	0.0352535118776987
29.1	0.0459267975724944	0.0509146106179539	0.0409389845270349	0.0559024236634133	0.0359511714815755
29.2	0.0486283780166707	0.0533391937306373	0.043917562302704	0.0580500094446039	0.0392067465887374
29.3	0.0513524787521472	0.0555258677286017	0.0471790897756926	0.0596992567050562	0.0430057007992381
29.4	0.054038413395088	0.0583858827496723	0.0496909440405037	0.0627333521042565	0.0453434746859195
29.5	0.0570313812226817	0.0608706023737473	0.0531921600716162	0.0647098235248128	0.0493529389205507
29.6	0.0600304267543139	0.0650149923605202	0.0550458611481077	0.0699995579667264	0.0500612955419014
29.7	0.063236674056481	0.069278708535335	0.0571946395776271	0.0753207430141889	0.0511526050987732
29.8	0.0664076756256792	0.073204505904158	0.0596108453472004	0.0800013361826368	0.0528140150687216
29.9	0.0700846366786679	0.0764498200333136	0.0637194533240222	0.0828150033879593	0.0573542699693765
30	0.0738941396079672	0.078853356860459	0.0689349223554754	0.0838125741129509	0.0639757051029835
30.1	0.0780585763400339	0.0826333806642019	0.0734837720158659	0.0872081849883699	0.0689089676916979
30.2	0.0818995846406287	0.0861856949483623	0.0776134743328952	0.0904718052560959	0.0733273640251616
30.3	0.0849972182899592	0.0897385306647211	0.0802559059151972	0.0944798430394831	0.0755145935404352
30.4	0.0873213553350327	0.0932458972369056	0.0813968134331598	0.0991704391387786	0.0754722715312868
30.5	0.0894287665689279	0.0940617799962147	0.0847957531416411	0.0986947934235014	0.0801627397143544
30.6	0.0916948844430116	0.0944735701049892	0.0889161987810341	0.0972522557669668	0.0861375131190565
30.7	0.0941087107820807	0.0971410267206163	0.0910763948435451	0.100173342659152	0.0880440789050095
30.8	0.0966401144232812	0.0995920954694837	0.0936881333770786	0.102544076515686	0.090736152330876
30.9	0.0993523284064102	0.102125770619964	0.0965788861928561	0.104899212833518	0.093805443979302
31	0.102085568658491	0.106617889595654	0.0975532477213282	0.111150210532817	0.0930209267841653
31.1	0.104633385985566	0.106773895891656	0.102492876079476	0.108914405797746	0.100352366173386
31.2	0.106626795127833	0.107704117613257	0.105549472642409	0.108781440098681	0.104472150156986
31.3	0.108391139943935	0.111130181218052	0.105652098669819	0.113869222492168	0.102913057395702
31.4	0.109736991992107	0.115184855304282	0.104289128679931	0.120632718616458	0.0988412653677559
31.5	0.110240725982976	0.114512743148099	0.105968708817852	0.118784760313222	0.101696691652729
31.6	0.110668784277334	0.116061950622043	0.105275617932625	0.121455116966752	0.0998824515879158
31.7	0.111643815751954	0.11697008088185	0.106317550622058	0.122296346011746	0.100991285492162
31.8	0.113319730383668	0.117261377338914	0.109378083428422	0.121203024294159	0.105436436473177
31.9	0.11540103843329	0.117923562451788	0.112878514414792	0.120446086470285	0.110355990396294
32	0.117574040941259	0.122016601818751	0.113131480063768	0.126459162696242	0.108688919186276
32.1	0.119532869491981	0.123757051670493	0.115308687313468	0.127981233849005	0.111084505134956
32.2	0.121430481597529	0.125053345346867	0.11780761784819	0.128676209096206	0.114184754098852
32.3	0.123141491868816	0.126101438214198	0.120181545523435	0.129061384559579	0.117221599178053
32.4	0.124680653185377	0.127850890471456	0.121510415899297	0.131021127757535	0.118340178613218
32.5	0.126085147908539	0.129724553676839	0.122445742140238	0.13336395944514	0.118806336371937
32.6	0.127484789917136	0.131956919864308	0.123012659969964	0.13642904981148	0.118540530022792
32.7	0.12906854429615	0.133435533852123	0.124701554740178	0.137802523408095	0.120334565184206
32.8	0.130900550728455	0.134591541023687	0.127209560433224	0.138282531318918	0.123518570137993
32.9	0.1329141103655	0.136228999551071	0.129599221179929	0.139543888736642	0.126284331994357
33	0.135066271496259	0.138084554057924	0.132047988934593	0.141102836619589	0.129029706372928
