Tone,Frequency,AWG_Set_Amplitude,AWG_Set_Phase,Scope_Amplitude,Scope_Phase,Vna_Amplitude,Vna_Phase,Vna_Comb_Referenced_Amplitude,Vna_Comb_Referenced_Phase
1.0  950000000.0  0.5  0.0  0.174225729534  -67.0250086983  2.1915757212  -100.633806951  2232.39534906  -78.910112423
1.0  950000000.0  0.5  36.0  0.174157341926  -30.6291470892  2.19089880946  -64.6156602552  2364.41360901  103.982100988
1.0  950000000.0  0.5  72.0  0.174203147051  5.34024482894  2.19103101848  -28.6257157005  2201.42705485  70.9989469335
1.0  950000000.0  0.5  108.0  0.174273482945  41.379094166  2.19090404928  7.37892735085  2271.35158922  -38.5819942884
1.0  950000000.0  0.5  144.0  0.174318500998  77.2394929874  2.19129236643  43.3749362167  2480.96361861  -77.9831711579
1.0  950000000.0  0.5  180.0  -0.174264722256  -66.8527673079  2.19119373432  79.367528927  2277.94861421  -100.156162814
1.0  950000000.0  0.5  216.0  -0.174004186662  -30.9378602938  2.19121908009  115.365873249  2211.05808339  -153.664780315
1.0  950000000.0  0.5  252.0  -0.174090991451  5.28198355138  2.19055780352  151.360167688  2204.69893405  -14.9138716055
1.0  950000000.0  0.5  288.0  -0.174220144754  41.3303607749  2.19060536731  -172.642733846  2248.54172417  -70.8996062651
1.0  950000000.0  0.5  324.0  -0.174365968777  77.2912021548  2.19103229781  -136.658850057  2327.8646368  147.112944143
2.0  960000000.0  0.5  0.0  0.171963970087  -87.0404187557  2.29626074588  -69.2389264288  2397.51511704  -1.13224716793
2.0  960000000.0  0.5  36.0  0.171937116615  -51.0833563399  2.29653435529  -33.2635977276  2353.37294361  -54.1683120027
2.0  960000000.0  0.5  72.0  0.171755540982  -15.0927461064  2.29590625885  2.74909592587  2192.8179206  13.6104968249
2.0  960000000.0  0.5  108.0  0.171557834397  20.9816284612  2.29600458382  38.7432756268  2287.72790249  156.401715059
2.0  960000000.0  0.5  144.0  0.171859778135  57.0128789315  2.29593309771  74.7763836558  2211.9621668  -124.836700043
2.0  960000000.0  0.5  180.0  -0.172008343027  -87.0661833825  2.29635555438  110.740485889  2263.19519633  -152.963514923
2.0  960000000.0  0.5  216.0  -0.17203405486  -51.0287599519  2.29610323894  146.76136354  2326.51977083  109.289981134
2.0  960000000.0  0.5  252.0  -0.171866852112  -15.051984298  2.29564066442  -177.266187727  2227.16483287  81.1142336833
2.0  960000000.0  0.5  288.0  -0.171729329056  21.0937227841  2.29550055097  -141.249989607  2214.67479743  2.6664170943
2.0  960000000.0  0.5  324.0  -0.171969673006  57.0580454395  2.29588084426  -105.285892478  2227.47913339  -113.302090593
3.0  970000000.0  0.5  0.0  -0.167815098759  73.9960918936  2.23935138378  -8.72300026276  2309.64003557  -23.8486694328
3.0  970000000.0  0.5  36.0  0.167734331875  -70.0407991634  2.23924439683  27.2835468652  2281.16208181  43.5055280795
3.0  970000000.0  0.5  72.0  0.167748627112  -33.9895295609  2.23934153478  63.2999626526  2246.99502603  -81.0669485035
3.0  970000000.0  0.5  108.0  0.167567088719  2.08688172746  2.24008701548  99.2787161058  2299.38261803  -142.844243052
3.0  970000000.0  0.5  144.0  0.167751795471  37.9150971083  2.23954441972  135.288289688  2241.79758717  -20.4021630724
3.0  970000000.0  0.5  180.0  0.168003212821  73.8642108387  2.23940866807  171.294626435  2281.25004278  -63.1911757
3.0  970000000.0  0.5  216.0  -0.168026102218  -70.1654801712  2.23989589964  -152.6872257  2232.80329527  103.868555954
3.0  970000000.0  0.5  252.0  -0.1678061181  -34.2915624036  2.23917687516  -116.677870211  2186.63108356  -102.068110372
3.0  970000000.0  0.5  288.0  -0.167742492279  1.67787193483  2.23971226143  -80.6818371838  2123.42038085  -39.2888828761
3.0  970000000.0  0.5  324.0  -0.167755518838  37.7448576559  2.24036367098  -44.6923030766  2229.75641486  56.3015727576
4.0  980000000.0  0.5  0.0  -0.166680512585  55.5451517768  2.06187364187  90.6325225456  2270.50318477  86.8593474003
4.0  980000000.0  0.5  36.0  0.166691831942  -88.3964809754  2.06180045681  126.627463966  2230.95493872  -167.295373785
4.0  980000000.0  0.5  72.0  0.166902450726  -52.3331810352  2.06165991024  162.625665369  2219.25740681  84.0905652292
4.0  980000000.0  0.5  108.0  0.167066367313  -16.5255648468  2.06231122434  -161.380548383  2109.37252205  134.829366797
4.0  980000000.0  0.5  144.0  0.166678710132  19.5637848783  2.06221240652  -125.385112341  2237.25141042  83.7910793186
4.0  980000000.0  0.5  180.0  0.166648351608  55.5101760132  2.06189543401  -89.383305019  2264.96587739  59.0423301299
4.0  980000000.0  0.5  216.0  -0.166781836899  -88.6819090436  2.06170349377  -53.3779777501  2315.29099498  129.193813061
4.0  980000000.0  0.5  252.0  -0.16694708457  -52.5611331292  2.06179757735  -17.3845113014  2189.52350254  -6.4803053156
4.0  980000000.0  0.5  288.0  -0.167029719714  -16.7243553236  2.06181287208  18.6054973989  2381.65902632  0.862789769899
4.0  980000000.0  0.5  324.0  -0.166551155588  19.3367494651  2.06243666141  54.6197895136  2245.09497211  -76.8711445995
5.0  990000000.0  0.5  0.0  -0.169169603693  36.442053157  2.16472771203  -135.638833698  2308.640477  -147.021887158
5.0  990000000.0  0.5  36.0  -0.16900456591  72.5012080869  2.16477708474  -99.6425394467  2361.68663576  38.2353612426
5.0  990000000.0  0.5  72.0  0.169419615936  -71.3737948091  2.16514330874  -63.6449506457  2353.96263265  151.636618509
5.0  990000000.0  0.5  108.0  0.169601630301  -35.5920558132  2.16487530093  -27.6502991985  2233.1090418  129.036257832
5.0  990000000.0  0.5  144.0  0.169265683854  0.32479444329  2.16472226173  8.34544015553  2331.20882429  81.988941907
5.0  990000000.0  0.5  180.0  0.169290838085  36.3874625377  2.16555047641  44.3308560306  2342.08392728  76.7969470585
5.0  990000000.0  0.5  216.0  0.168931626497  72.4158872459  2.16542627146  80.3301684008  2221.56995602  -63.3419875435
5.0  990000000.0  0.5  252.0  -0.169477414954  -71.4620655347  2.16446724817  116.328634038  2240.81174413  49.627348123
5.0  990000000.0  0.5  288.0  -0.169593611565  -35.5665504127  2.16501370291  152.321679998  2359.43063371  96.6639484794
5.0  990000000.0  0.5  324.0  -0.16933731196  0.417465321591  2.16482193128  -171.68056442  2322.42865212  -121.259786705
6.0  1000000000.0  0.5  0.0  -0.171257822773  16.3797619693  2.24015414676  23.9078136357  2316.23037336  -128.481470342
6.0  1000000000.0  0.5  36.0  -0.170987545977  52.2483992045  2.24051084545  59.8705329724  2282.50777855  -57.8492374582
6.0  1000000000.0  0.5  72.0  -0.170970458442  88.3474540783  2.24053027574  95.932445444  2326.04818071  -19.6686901584
6.0  1000000000.0  0.5  108.0  0.171204090749  -55.6600667325  2.24075964075  131.871210004  2290.5508019  158.730313476
6.0  1000000000.0  0.5  144.0  0.171403011696  -19.7388278598  2.23993645153  167.922802  2248.69453332  86.6675002117
6.0  1000000000.0  0.5  180.0  0.171394750995  16.1430288123  2.24016788055  -156.118987415  2447.46106091  156.337212675
6.0  1000000000.0  0.5  216.0  0.171094005878  52.1718413344  2.24033183061  -120.059702828  2336.04167278  160.955316708
6.0  1000000000.0  0.5  252.0  0.170947900163  88.187693518  2.24086510092  -84.1062644288  2316.63785194  85.8008550574
6.0  1000000000.0  0.5  288.0  -0.171166545093  -55.7214886137  2.2411041112  -48.0721128636  2467.20963233  88.0028801019
6.0  1000000000.0  0.5  324.0  -0.171382221715  -19.882216593  2.2407297753  -12.1158492261  2358.10106526  -130.506738168
7.0  1010000000.0  0.5  0.0  -0.169257844627  -3.60025156302  2.12422120858  -143.395616233  2352.47718611  -45.9845237488
7.0  1010000000.0  0.5  36.0  -0.169659857292  32.2300787489  2.12412596495  -107.392571177  2303.31019418  132.526261221
7.0  1010000000.0  0.5  72.0  -0.169336195497  68.2353492015  2.1231513954  -71.413048937  2368.73995158  158.167946206
7.0  1010000000.0  0.5  108.0  0.169004705023  -75.6804193672  2.12354240627  -35.4084035368  2320.64208639  73.4872755226
7.0  1010000000.0  0.5  144.0  0.1690743643  -39.5502940668  2.12428711491  0.583385959496  2401.87232292  22.1037707204
7.0  1010000000.0  0.5  180.0  0.169260354733  -3.45920186283  2.12363629933  36.5958064352  2255.21672236  -111.335615722
7.0  1010000000.0  0.5  216.0  0.169532526448  32.404140943  2.12368833528  72.6099219722  2474.04726616  -93.3919922084
7.0  1010000000.0  0.5  252.0  0.169392926801  68.2136754395  2.12308806002  108.610302264  2355.46695529  157.442119371
7.0  1010000000.0  0.5  288.0  -0.169089145433  -75.938190899  2.12388753328  144.596890981  2446.29075145  -24.2974618185
7.0  1010000000.0  0.5  324.0  -0.169050428928  -39.8317792066  2.12387619896  -179.385376925  2274.76836725  103.758179984
8.0  1020000000.0  0.5  0.0  -0.167677355167  -22.9721475843  2.18190286194  86.4279716664  2326.75482976  152.53838237
8.0  1020000000.0  0.5  36.0  -0.167925091239  13.0089395335  2.18148061273  122.396274529  2389.71611505  10.9639163517
8.0  1020000000.0  0.5  72.0  -0.168127116801  48.9488176819  2.18159352633  158.35941602  2323.16976939  104.090819577
8.0  1020000000.0  0.5  108.0  -0.167690491742  84.9785807227  2.18101026612  -165.629203402  2281.5808356  9.48314605663
8.0  1020000000.0  0.5  144.0  0.16747540412  -59.0602694984  2.18178275575  -129.620327417  2291.22014777  -128.863005876
8.0  1020000000.0  0.5  180.0  0.167483775124  -22.9555031414  2.18115167688  -93.6352505311  2327.92749884  -160.053587333
8.0  1020000000.0  0.5  216.0  0.167914855276  13.0714467834  2.18140906016  -57.6478449114  2228.03246457  -2.19142093499
8.0  1020000000.0  0.5  252.0  0.167976678379  48.9858404459  2.18098106417  -21.6662648098  2202.60522206  108.831100481
8.0  1020000000.0  0.5  288.0  0.167702990313  84.8685858982  2.18162619539  14.3504296657  2270.2648985  -108.636390862
8.0  1020000000.0  0.5  324.0  -0.167502786726  -59.0455634855  2.18159272348  50.3561364815  2330.84152304  -5.03960228668
9.0  1030000000.0  0.5  0.0  -0.167834099454  -42.1418608992  2.21169813126  -15.5434344534  2395.71463304  126.714309883
9.0  1030000000.0  0.5  36.0  -0.167800436442  -5.8495021892  2.21134152009  20.4738750998  2306.20613172  33.7091198508
9.0  1030000000.0  0.5  72.0  -0.168061030347  30.10401542  2.21166309784  56.4714965371  2277.11788951  12.5370423782
9.0  1030000000.0  0.5  108.0  -0.168065909855  66.0398443516  2.21221741216  92.4712577401  2438.25160472  128.38319344
9.0  1030000000.0  0.5  144.0  0.167955864453  -78.1299900632  2.21273528591  128.470985727  2297.76458002  -48.6669481894
9.0  1030000000.0  0.5  180.0  0.167800228229  -42.0999500612  2.21246440554  164.452193155  2214.65871117  176.977543394
9.0  1030000000.0  0.5  216.0  0.167856357049  -5.81438186243  2.21194029307  -159.530276115  2372.75382128  -57.6807882889
9.0  1030000000.0  0.5  252.0  0.168160047108  30.1018682674  2.21187734188  -123.546113747  2336.26651154  -5.12020588392
9.0  1030000000.0  0.5  288.0  0.168180568112  66.1491949342  2.21161803869  -87.5521751346  2278.04742694  63.9749120108
9.0  1030000000.0  0.5  324.0  -0.167978079429  -77.9672574234  2.21266993377  -51.5460897906  2156.3312701  174.36255855
10.0  1040000000.0  0.5  0.0  -0.169427586931  -61.6635816348  2.10524079431  -81.7519971134  2338.24126853  -178.243839359
10.0  1040000000.0  0.5  36.0  -0.169133463497  -25.7825692731  2.10513855146  -45.7608507736  2191.7930375  -91.2469406886
10.0  1040000000.0  0.5  72.0  -0.168911709113  10.3851857624  2.10518780848  -9.74012736037  2349.55651042  10.8228034073
10.0  1040000000.0  0.5  108.0  -0.168994429903  46.3987044913  2.10560167105  26.2471539847  2296.38192868  146.829016581
10.0  1040000000.0  0.5  144.0  -0.16932639379  82.21817854  2.10502323919  62.2645861127  2301.21503969  -140.439207011
10.0  1040000000.0  0.5  180.0  0.169415025683  -61.8473833497  2.10505182819  98.2310975752  2239.69785184  -68.0251657909
10.0  1040000000.0  0.5  216.0  0.169081873496  -25.8453790486  2.10456709841  134.267339707  2339.41898176  146.301400833
10.0  1040000000.0  0.5  252.0  0.168903389928  10.230930712  2.10462655603  170.231778543  2337.10111212  13.5261058219
10.0  1040000000.0  0.5  288.0  0.168962320171  46.2581491892  2.10509844976  -153.750158902  2404.95898183  -105.09671422
10.0  1040000000.0  0.5  324.0  0.169321704585  81.9676878001  2.10609663194  -117.772806321  2301.91439624  82.9316514021
11.0  1050000000.0  0.5  0.0  -0.168180998104  -82.2459993103  2.1609234489  -113.821791219  2394.13542271  149.806807962
11.0  1050000000.0  0.5  36.0  -0.168254214577  -46.3509676149  2.16001506398  -77.7989889175  2304.14679346  -39.1977124521
11.0  1050000000.0  0.5  72.0  -0.167813294083  -10.1496498439  2.16043109873  -41.7862524387  2336.52743009  98.6714342174
11.0  1050000000.0  0.5  108.0  -0.167859645598  26.0025150717  2.1606719444  -5.79470637225  2324.84918404  -174.511315207
11.0  1050000000.0  0.5  144.0  -0.167896262788  62.0797057838  2.16061036251  30.1895650652  2400.70980952  -89.1986371867
11.0  1050000000.0  0.5  180.0  0.168211071792  -81.9898278514  2.15981921582  66.1861021676  2323.38504308  65.6013851817
11.0  1050000000.0  0.5  216.0  0.168256033185  -46.1326242709  2.16015136366  102.201917299  2271.15024773  -179.374709479
11.0  1050000000.0  0.5  252.0  0.167966261469  -10.0729050471  2.16102134533  138.195443729  2240.54049825  -45.5205256456
11.0  1050000000.0  0.5  288.0  0.167849641295  26.0176692976  2.15993682403  174.204863797  2292.21331595  -144.412265596
11.0  1050000000.0  0.5  324.0  0.167821931079  62.0004243395  2.16019536466  -149.809892205  2380.32604686  -101.743785668