!Freq, Monte-Carlo estimated upper limit of 95% confidence interval, Monte-Carlo estimated lower limit of 95% confidence interval, Sensitivity-analysis estimated upper limit of 95% confidence interval, Sensitivity-analysis estimated lower limit of 95% confidence interval, 95% upper confidence interval for convergence of Monte-Carlo upper limit, 95% lower confidence interval for convergence of Monte-Carlo upper limit, 95% upper confidence interval for convergence of Monte-Carlo lower limit, 95% lower confidence interval for convergence of Monte-Carlo lower limit
0.2	0.000655913569174925	-0.00138637586269171	0.000580686572519199	-0.000580686572519199	0.00047963587484199	0.000340784673160894	-0.00145332018600498	-0.00177072182397097
0.3	0.000434245394274467	-0.000919285014471087	0.000371924138274878	-0.000371924138274878	0.000346953459692939	0.000225790783260067	-0.000878280169530765	-0.00118225574556562
0.4	0.000191398701298209	-0.000258368704075168	0.000190246306419068	-0.000190246306419068	0.000195843402437596	0.000147270100024812	-0.00022200142198796	-0.000352403961359753
0.5	0.000621831350402189	-0.000391581466214749	0.000310719026465937	-0.000310719026465937	0.000957016580041777	0.000581923629534379	-0.000237363022090653	-0.000343149648600011
0.6	0.000600469176744011	-0.00105043820695608	0.000561142231781078	-0.000561142231781078	0.000526802908891686	0.000379753233939229	-0.00106047553260534	-0.00137692509540934
0.7	0.000823841895731845	-0.00152101818434462	0.000648770320491244	-0.000648770320491244	0.000597503545208608	0.000413689959240095	-0.00157216686536083	-0.00203798738840096
0.8	0.000795517670949776	-0.00145080269802384	0.000661943406655509	-0.000661943406655509	0.000623082703983853	0.000463587361877313	-0.00146925216425921	-0.00199929387804607
0.9	0.000683560633250299	-0.000830689668769355	0.000644694739829436	-0.000644694739829436	0.000605436144339596	0.000485542861416884	-0.00087391656849403	-0.00121035294533172
1	0.00154813010082712	-0.000748551887273791	0.000567780543084266	-0.000567780543084266	0.00213827865487148	0.00137519225456144	-0.000414554496911094	-0.00051720416279965
1.1	0.000927045499230259	-0.00060733506569906	0.000531802803510021	-0.000531802803510021	0.0012549803848235	0.000856005642057157	-0.000399632864536048	-0.000534129028304646
1.2	0.000538465601122765	-0.00063106881739039	0.000650902166234057	-0.000650902166234057	0.000723481062266367	0.000465640084046963	-0.000564989914131113	-0.000691671482469187
1.3	0.00100248568615904	-0.0013530638231362	0.00105890037393187	-0.00105890037393187	0.00111084306457303	0.000751854040322601	-0.00112356459482982	-0.00156854306774451
1.4	0.00118725223950901	-0.00161607720679696	0.00121145621804052	-0.00121145621804052	0.00109761921202137	0.000860497116318682	-0.00128053240024247	-0.0021488104561924
1.5	0.000877840183287149	-0.000952630328697156	0.00104825300762131	-0.00104825300762131	0.00116243291327675	0.000825334813170256	-0.000822919195891246	-0.00102397405824633
1.6	0.00114211041729415	-0.00175822800734516	0.00105051940347318	-0.00105051940347318	0.0010438283033884	0.000656765211854782	-0.00172053016681009	-0.00215344260467792
1.7	0.000954733311718844	-0.00161049436517654	0.000911603483843513	-0.000911603483843513	0.000897536152528371	0.000642156275250002	-0.00151634349010187	-0.00233747274709119
1.8	0.000750709179387222	-0.00100157943112784	0.000736167082557321	-0.000736167082557321	0.000676451281283499	0.0004765692348373	-0.000892523929156223	-0.00136866225119792
1.9	0.000481546260119646	-0.000432940960412063	0.000515234114177979	-0.000515234114177979	0.000656869724744099	0.000451353958823144	-0.000249429699766532	-0.000403821940197928
2	0.00192273777820472	-0.000954063166508948	0.000799602029257275	-0.000799602029257275	0.00251477725919149	0.00170914398590288	-0.000482552522190037	-0.000768273785351407
2.1	0.000550086413483848	-0.000455638646514508	0.000343644696848526	-0.000343644696848526	0.000856980440254564	0.000501592645960266	-0.000260734337100989	-0.000479192942981658
2.2	0.00036933715669243	-0.000539293672707999	0.000390778956429539	-0.000390778956429539	0.00038395052799957	0.000280728541987892	-0.000462331148806577	-0.000609059382977152
2.3	0.000690631484310256	-0.000923547621559623	0.000585542491305403	-0.000585542491305403	0.00063196484063361	0.000425945194886762	-0.000999460255473446	-0.00128640465084657
2.4	0.000787757261347888	-0.000954790228141174	0.000739725990902896	-0.000739725990902896	0.000800725175289668	0.000486367223082124	-0.000960634487002621	-0.00132055719203557
2.5	0.00151338844193846	-0.000739021754949784	0.00057443645690698	-0.00057443645690698	0.00202115487605621	0.00132983747608723	-0.000398834411284279	-0.000489190140337813
2.6	0.0010882265489523	-0.000754017572970406	0.00061287542036007	-0.00061287542036007	0.00162101223184476	0.00110723808335767	-0.000433388386861695	-0.000783176352625852
2.7	0.000709364731597279	-0.000650946755798607	0.000595456646663346	-0.000595456646663346	0.00083169790279795	0.000690868737992424	-0.000428965834373747	-0.00079217135856641
2.8	0.000510148224172018	-0.000579516428902437	0.000548084717607734	-0.000548084717607734	0.000521579840372332	0.000433289637681949	-0.000542186360470283	-0.000846153135096038
2.9	0.000420287240127688	-0.000513787653969094	0.000441714287342477	-0.000441714287342477	0.000417295861222073	0.000360975288290587	-0.000456833949539423	-0.000735414598706114
3	0.00125237948392461	-0.000743995863589481	0.000715534768711489	-0.000715534768711489	0.00147315602843322	0.000930637878148241	-0.000478103451007678	-0.00080300394812051
3.1	0.000609178215312201	-0.000646797275870242	0.000621684946460693	-0.000621684946460693	0.00061294592944448	0.00048943872772011	-0.000502209905102144	-0.00103902629311396
3.2	0.000709919264107784	-0.00115776201276795	0.000674129064196951	-0.000674129064196951	0.000609826038173248	0.000479797593818279	-0.00118233368374188	-0.00140616436924204
3.3	0.000773425973273665	-0.00139223682910895	0.00073327956385527	-0.00073327956385527	0.000759461608150283	0.000496101452881323	-0.00127191646430978	-0.00190201620486306
3.4	0.000813663404998776	-0.00121090722615513	0.000760022560723798	-0.000760022560723798	0.000693197825171292	0.000479298687565942	-0.00113705432402597	-0.00191501176620664
3.5	0.000739089313205724	-0.000532524606636761	0.000504404418956456	-0.000504404418956456	0.0010017194140265	0.000598628530060042	-0.000296842977068255	-0.000509341260580409
3.6	0.000386325553666579	-0.000407705059880105	0.000474063794385626	-0.000474063794385626	0.000459094780504051	0.00036400378177907	-0.000300953573876868	-0.00053354388410369
3.7	0.000921997640058565	-0.00140068447665485	0.00085551365276424	-0.00085551365276424	0.000836784125379231	0.00059804625655445	-0.00123775679927151	-0.001604616822755
3.8	0.00111211902223846	-0.00162949901178223	0.00115370316757781	-0.00115370316757781	0.00114870621389511	0.00078146202188233	-0.00155195737917684	-0.00215474326222387
3.9	0.00101564356701148	-0.000941392180361308	0.00117837523287458	-0.00117837523287458	0.00119061642588364	0.000755657621956901	-0.000850500340763867	-0.00108508882537915
4	0.00195418804434466	-0.00112080350154228	0.000791676430198073	-0.000791676430198073	0.0026705133428899	0.0017576928807415	-0.000506520564757513	-0.000756530648121806
4.1	0.00115847361912254	-0.000870932646086712	0.000660209305386979	-0.000660209305386979	0.00163245389225973	0.00111658113561126	-0.000488242929515278	-0.000664440584908436
4.2	0.000509120296145396	-0.000481841598962534	0.00045534785786852	-0.00045534785786852	0.000618318766459343	0.000514029600022677	-0.000376760215343685	-0.000435099382490792
4.3	0.000391139273624812	-0.000468659547009874	0.000384348100916678	-0.000384348100916678	0.000406217751574412	0.000282587209657667	-0.000397202475424783	-0.000569957824807465
4.4	0.000380874177213122	-0.000485023374248755	0.000410528023878158	-0.000410528023878158	0.000349628085237446	0.000243183133301798	-0.000435478668406095	-0.000617367439521868
4.5	0.00182690627231944	-0.000932865046186277	0.00073091728643015	-0.00073091728643015	0.00253793940917062	0.00163230266728965	-0.00053797350297074	-0.000742588993872369
4.6	0.0018144325467819	-0.00125332783160096	0.00101456862621409	-0.00101456862621409	0.00225648180465052	0.00162001210766808	-0.000646905995232708	-0.00139393895187466
4.7	0.00101005882074168	-0.000882082996633495	0.000818794504722393	-0.000818794504722393	0.00119612614412247	0.000994040290685743	-0.000589625586688306	-0.000897226805456642
4.8	0.000544177152928556	-0.000764669655372786	0.000652194142749646	-0.000652194142749646	0.000710419312530102	0.000491659980630776	-0.000440391639173591	-0.00101608701109446
4.9	0.000564870643581058	-0.000884088515207539	0.000496090518322362	-0.000496090518322362	0.000761399125491262	0.000408273976157197	-0.000621143291829244	-0.00108981766540771
5	0.000923373661142504	-0.000628647545920499	0.000543704958491131	-0.000543704958491131	0.00132982688352963	0.00101186619391454	-0.000348820975691883	-0.000508250475546793
5.1	0.00049094879367643	-0.00067777021290103	0.00041541876229763	-0.00041541876229763	0.000721392534904049	0.000504163915119121	-0.000333912817292165	-0.000751591525380642
5.2	0.000939881611151733	-0.00146063616037829	0.00072748966106421	-0.00072748966106421	0.000919242237348233	0.000564696064397687	-0.00115754727489798	-0.00177117037355025
5.3	0.00107952550574784	-0.00196186870257292	0.000905469721864872	-0.000905469721864872	0.00116273007237517	0.000592312963680384	-0.00153974564515926	-0.00227589642639892
5.4	0.000956309293841571	-0.00153749272529078	0.000924306187035622	-0.000924306187035622	0.00105204466975824	0.000617849438855556	-0.00141113591958303	-0.00175939721400832
5.5	0.00159979779462958	-0.00100808138640914	0.000704245600076397	-0.000704245600076397	0.00209502415809613	0.00163629672611013	-0.000594772365445958	-0.000784827126392358
5.6	0.00131297675525722	-0.00136867225903639	0.000900227716283073	-0.000900227716283073	0.00184428287526131	0.00139290749952615	-0.000549454466309633	-0.00114722513636788
5.7	0.000718390088993647	-0.00103358991672922	0.000745049889754075	-0.000745049889754075	0.000876192104409649	0.000728900229229115	-0.000694562808316994	-0.00147042504983252
5.8	0.00119701893855051	-0.00214200899662175	0.00118680408387628	-0.00118680408387628	0.00115115858627821	0.000849472420722725	-0.00170073248234926	-0.00243728498287463
5.9	0.00191308469005424	-0.0025509400479505	0.00216777345227971	-0.00216777345227971	0.00239872520067999	0.0013726031839217	-0.0026848487126786	-0.00325929881079739
6	0.00241296534020289	-0.00177356881841048	0.00228072653184584	-0.00228072653184584	0.00328050656334658	0.0020170579585082	-0.000929239746868909	-0.00163387219549053
6.1	0.00211546777039407	-0.00138117434057783	0.0012857290539728	-0.0012857290539728	0.00311879601270002	0.0022426247267677	-0.000539495500058576	-0.000837935054928208
6.2	0.00187943076580074	-0.0013555604506946	0.00100544269530227	-0.00100544269530227	0.00281165455051381	0.00225354218344521	-0.00059687970950804	-0.00116127071196608
6.3	0.00187871244658932	-0.00164232715996634	0.00128803570419528	-0.00128803570419528	0.00248717639779699	0.00184099195118877	-0.00106053036836032	-0.0012968646848471
6.4	0.00124980865689066	-0.00149319683700786	0.00131099346083967	-0.00131099346083967	0.00160339473772021	0.00116043124643824	-0.00114765245592555	-0.00150174274073186
6.5	0.00309615827105824	-0.00209958769749201	0.00189137247427824	-0.00189137247427824	0.00398607692419974	0.00282923535229817	-0.00141506268659008	-0.00162934102978677
6.6	0.00251732263703645	-0.00185135029728907	0.00188091165452359	-0.00188091165452359	0.00354898155627147	0.00276743889353139	-0.000927684613827935	-0.00132816633848338
6.7	0.00179503886540535	-0.00125202229573208	0.00112321220958526	-0.00112321220958526	0.00242177016241468	0.00166652228934857	-0.00062628781326915	-0.000887612517957138
6.8	0.00122005963601439	-0.000914335324537523	0.00054048768770547	-0.00054048768770547	0.00181520724286953	0.00138207789526269	-0.000247384162093138	-0.000784779208902198
6.9	0.00107695191461993	-0.000936038576599759	0.00100227093419541	-0.00100227093419541	0.00179410014230497	0.00133054039218415	-0.000117688724826001	-0.000518378488962189
7	0.00228024879332267	-0.00118990249140296	0.00117958460099086	-0.00117958460099086	0.00363218047721075	0.00264608048561401	0.000199276693315956	-0.000123025083303303
7.1	0.00185692530910219	-0.00141410249057184	0.00230969163213949	-0.00230969163213949	0.00309415655155962	0.00232870026777896	-9.58782081080636E-05	-0.000436073752594311
7.2	0.00193034817658289	-0.00136424625445702	0.00279196852529841	-0.00279196852529841	0.00271040077018427	0.00199740012314452	-0.000554839205707092	-0.000741830941541914
7.3	0.00184759465335167	-0.00183521289845618	0.00273321838121488	-0.00273321838121488	0.00275801094691247	0.00212377345401362	-0.001022620582809	-0.0011831714332046
7.4	0.003057672289414	-0.00238696005395782	0.00217323517858844	-0.00217323517858844	0.00483765834903429	0.00298074891334968	-0.00109584055136633	-0.00168284138731673
7.5	0.00427453340852069	-0.00291292429066944	0.00260921660530295	-0.00260921660530295	0.0058959579227937	0.00380303934404956	-0.00130545397496575	-0.00223661667648562
7.6	0.002325523128271	-0.00194344955505077	0.00209574305219915	-0.00209574305219915	0.00298661675299059	0.00210090541364665	-0.00128107088648012	-0.00236729858050827
7.7	0.00278978882909651	-0.00217272213398407	0.00227379957754662	-0.00227379957754662	0.00329222720684225	0.0022731973863648	-0.0013490426504233	-0.0026881670450173
7.8	0.00311997558205742	-0.00245052729920279	0.00231965626779384	-0.00231965626779384	0.00366214342426673	0.00268266753828421	-0.00158792514426962	-0.0028706694183651
7.9	0.00387745237248079	-0.00279366546130291	0.0026043833103098	-0.0026043833103098	0.00491006394870867	0.0033266747438194	-0.00180394895495411	-0.00318370974056948
8	0.00345482465247963	-0.00301062118670068	0.00251312375695403	-0.00251312375695403	0.00462336117033111	0.00327206893493845	-0.00182568211243507	-0.00267980009757668
8.1	0.0018369952372047	-0.00258079770298859	0.00220907585755846	-0.00220907585755846	0.00178254574597599	0.00153078522917415	-0.00234392153627413	-0.00298835450459266
8.2	0.0018941283625671	-0.00351200685846726	0.00239689650781662	-0.00239689650781662	0.00185538396305376	0.00148747020962213	-0.00253054914205603	-0.00402721715551093
8.3	0.00167093058871475	-0.00265900720218027	0.00243833104454917	-0.00243833104454917	0.00183121075313109	0.00149626157984928	-0.00212360337327747	-0.0031860480071127
8.4	0.00180517172405076	-0.00222044039666016	0.00225524042877746	-0.00225524042877746	0.0022742965248069	0.00152544279649842	-0.00160788478086888	-0.00216847009092169
8.5	0.00294239613905165	-0.00276625865713268	0.00242828664600788	-0.00242828664600788	0.00396583718554917	0.00254794648477412	-0.00200623261170459	-0.00287764338825633
8.6	0.00207372023587528	-0.00248509353412938	0.0025933307666007	-0.0025933307666007	0.00248799196608179	0.00175804524469995	-0.00213775602769872	-0.00342899819640215
8.7	0.00281796180614295	-0.00356677604795262	0.00317670019961482	-0.00317670019961482	0.00300691613631868	0.00214939465282146	-0.00295000692760693	-0.00452792773601574
8.8	0.00293034465656328	-0.00315633004972376	0.0034312280658117	-0.0034312280658117	0.00328319747718933	0.00217475409101891	-0.00282959886369356	-0.00381506895627175
8.9	0.00254583558179227	-0.00200379101922465	0.003190622042885	-0.003190622042885	0.00361997843238451	0.00244321617894494	-0.00165710042080607	-0.0020701495330796
9	0.0034313949209533	-0.00243522365898497	0.00245013907974557	-0.00245013907974557	0.00447873592934434	0.0026490019281783	-0.00156773555487391	-0.0020397247845916
9.1	0.0015424702005056	-0.00164911222990447	0.00192631656666681	-0.00192631656666681	0.00195511174937278	0.00134511746360272	-0.00126875759154054	-0.00151722773238233
9.2	0.00155968367155205	-0.00157288938172532	0.00176419612752364	-0.00176419612752364	0.00214175069631794	0.0014716541613451	-0.00113181369010797	-0.00161282101722083
9.3	0.00199354630281958	-0.00174474409972253	0.00177723203839872	-0.00177723203839872	0.0025056710682764	0.00167852157115195	-0.00106941191178137	-0.00202145973729886
9.4	0.00240403563803769	-0.00173697127047719	0.00168149168807835	-0.00168149168807835	0.0029636132764327	0.00192958786134158	-0.00101822785593272	-0.00207574187476404
9.5	0.0039340635225194	-0.0029233731301503	0.0024122074109291	-0.0024122074109291	0.00527109126962312	0.00350374921562195	-0.00166404878688376	-0.00285894748171717
9.6	0.000946733458453665	-0.00143074257708909	0.00121217718440525	-0.00121217718440525	0.00139838996495148	0.00103037288293737	-0.000752934888814664	-0.00144438887772295
9.7	0.00120917105461434	-0.00159214140727804	0.00128643084779407	-0.00128643084779407	0.00131020212187301	0.00100591069535315	-0.00145407832026556	-0.00187951164119788
9.8	0.00192253854903975	-0.00269475251786573	0.00189068240087646	-0.00189068240087646	0.00187152948051901	0.00140576658424569	-0.0026731703749783	-0.00311693585270741
9.9	0.00206150584592514	-0.00260175377692567	0.00228809620156459	-0.00228809620156459	0.00222008653537133	0.00159666155439864	-0.00206713295166027	-0.00327578374324197
10	0.00209868586687038	-0.00150006766797374	0.00143500290467901	-0.00143500290467901	0.00312246408645957	0.0017150670602788	-0.000815073254227503	-0.00134983725621225
10.1	0.000677486838910902	-0.000807559464313642	0.00108544556982083	-0.00108544556982083	0.000860813396457988	0.000755089906427125	-0.000538831364798596	-0.000826500699694741
10.2	0.0012892074148505	-0.00132162385128465	0.00137913229675804	-0.00137913229675804	0.00128567513092801	0.000970502542641853	-0.00108510221811982	-0.00168755119057128
10.3	0.00166959373132981	-0.00161182055963392	0.00168221756052504	-0.00168221756052504	0.0017990936453381	0.00111914381656673	-0.00152486138937171	-0.00248423045099118
10.4	0.00168426819618553	-0.00154513158987764	0.00182186188929122	-0.00182186188929122	0.00209162258929452	0.00111696495857963	-0.00123346932249377	-0.0016734186477009
10.5	0.00309278558559032	-0.00169114646314576	0.00129268506006783	-0.00129268506006783	0.00456208586160037	0.00309632845294822	-0.000860568058765226	-0.00151563470663076
10.6	0.00254676995639509	-0.00161277712938643	0.00120368863556879	-0.00120368863556879	0.00330678614999135	0.00240765223043697	-0.00084683986828917	-0.00146581154711587
10.7	0.00261950810622973	-0.00202370036054635	0.00201783511667627	-0.00201783511667627	0.00328229623910128	0.00218731325694749	-0.00116160215728652	-0.0020154884886275
10.8	0.00232210613165481	-0.00202979766751155	0.00213881948606024	-0.00213881948606024	0.00267629668026337	0.00189938248247096	-0.00130938369252879	-0.00233901871652537
10.9	0.00136593902695545	-0.00146617540962159	0.00167230015127729	-0.00167230015127729	0.00167481911869503	0.0011767964275978	-0.0012044979473122	-0.00190505377938236
11	0.00374615996839933	-0.00341846913400092	0.00254372588528744	-0.00254372588528744	0.00458032254127332	0.00336647888543509	-0.00170574092033336	-0.00342120606740869
11.1	0.00296609480470803	-0.00263941222071567	0.00246605950652155	-0.00246605950652155	0.00381768194087155	0.00290665014547723	-0.00154281535333601	-0.00275808806691133
11.2	0.00154472883110336	-0.00175859307353829	0.00162893515877759	-0.00162893515877759	0.00194557817512436	0.0014589668684345	-0.00115900689069737	-0.00216566389434852
11.3	0.00095548329413493	-0.00206943951683845	0.00103936852182384	-0.00103936852182384	0.00126997712191934	0.000828936385726011	-0.00121125859925669	-0.00253278066944807
11.4	0.00167131766305532	-0.00330661894717188	0.00138858350404942	-0.00138858350404942	0.00157133399048735	0.00109499803877881	-0.0022452785482161	-0.00419108913666078
11.5	0.00113130810519064	-0.000989252820331334	0.00102674764522262	-0.00102674764522262	0.00186923870481717	0.0012213761914076	-0.000687592028487522	-0.00107396408677346
11.6	0.00153477752572922	-0.00093915902951003	0.00109764062664429	-0.00109764062664429	0.00205171492196829	0.00142684916184715	-0.000653446683121473	-0.000845231217378697
11.7	0.00145361805148159	-0.00198075685249823	0.00150056576103015	-0.00150056576103015	0.00147463646400076	0.00107389649752055	-0.00151065484894664	-0.00240602101018596
11.8	0.00248799689928972	-0.0039247439776517	0.0025344958877322	-0.0025344958877322	0.00282385851437455	0.00153971154834005	-0.00312253603610035	-0.0048079368320036
11.9	0.00447521607892323	-0.00672702878375344	0.00440698481869865	-0.00440698481869865	0.00499141822765049	0.00251859846835661	-0.00548964081743184	-0.00827635141516741
12	0.00376906471205886	-0.00402002102094236	0.00430426076830422	-0.00430426076830422	0.00393424454044905	0.00308259322967341	-0.00375485127244534	-0.00518333765298701
12.1	0.0033224165436716	-0.00300599088253995	0.00319132773422393	-0.00319132773422393	0.00423037663647871	0.00291665173935645	-0.00218552023710963	-0.00305195305383601
12.2	0.00315363592457464	-0.00268730307014979	0.00291461073648069	-0.00291461073648069	0.00420942751393685	0.00259893640655195	-0.00199802045432144	-0.00265267774346667
12.3	0.002980141180061	-0.00232117543597606	0.00282765410082723	-0.00282765410082723	0.00397333275989683	0.0025121610574044	-0.00187045598168885	-0.00246841187726009
12.4	0.00317724498805951	-0.00252851919954182	0.00282620031367568	-0.00282620031367568	0.00339389587992091	0.00233531864356368	-0.00232908915552662	-0.00300929926838864
12.5	0.0031948022909682	-0.00244402484593927	0.00306950229054355	-0.00306950229054355	0.004306662982336	0.00290368889303325	-0.00211953803147606	-0.00280459895853173
12.6	0.00485487342702712	-0.00322479792446399	0.00367289923698934	-0.00367289923698934	0.00608071154699602	0.00378816340801357	-0.0024604689132466	-0.00302900517006461
12.7	0.0046257802117867	-0.00397329682906599	0.00416952854749925	-0.00416952854749925	0.00565524223448175	0.00391984427462177	-0.00300161030620433	-0.00434815853030959
12.8	0.00410850600912773	-0.00411020414906115	0.0045158004989257	-0.0045158004989257	0.00488194906092763	0.00369334249959609	-0.00312060718042805	-0.00495010423824965
12.9	0.00277977276475329	-0.00331139583684296	0.00418354240716062	-0.00418354240716062	0.00309304813805854	0.00259337017542211	-0.00280960570610969	-0.00403617729128678
13	0.00318626158283467	-0.00269058794897806	0.00363760849367441	-0.00363760849367441	0.00329280881334285	0.00264215584986849	-0.00260457080544323	-0.0032848742880769
13.1	0.00348126248523373	-0.00356006379576057	0.00393552478825633	-0.00393552478825633	0.00422347252049707	0.00317785657960292	-0.00274574015127917	-0.00410470398939951
13.2	0.00283766075984956	-0.00319525526188221	0.00386852309551675	-0.00386852309551675	0.00326039125116354	0.00277542878763909	-0.00254592029498587	-0.00374157821485756
13.3	0.00252363995789343	-0.00260388383493768	0.00333647616261553	-0.00333647616261553	0.00309550064288225	0.00226421514242016	-0.00226866747415636	-0.00306999563426614
13.4	0.00361736716682528	-0.00337576878676543	0.00312961498348914	-0.00312961498348914	0.003367641301318	0.00234978481199603	-0.00335077882216138	-0.00426363166017242
13.5	0.00417442179887266	-0.00649798810612023	0.00394039166697447	-0.00394039166697447	0.00418839986043559	0.00267906451528126	-0.00547139539887565	-0.00774112032761832
13.6	0.00303784156498683	-0.00217440754347601	0.0025973840740377	-0.0025973840740377	0.0033241318303953	0.00247851652882779	-0.00190791666314518	-0.00242592717959208
13.7	0.00314630934213656	-0.00191092747911452	0.00239733427811341	-0.00239733427811341	0.00341607114747502	0.00265025770911824	-0.00141747648068445	-0.0020226939570703
13.8	0.00317915261497284	-0.00225671918339421	0.00250776629298274	-0.00250776629298274	0.00362587807764309	0.00219496559404673	-0.00159942304534565	-0.00238902427993483
13.9	0.0018953117198941	-0.00228294950449964	0.0024182613290624	-0.0024182613290624	0.00214971490570472	0.00154180769630598	-0.00203013251664078	-0.00268903670403042
14	0.00232963231400489	-0.00345461489030338	0.00201090048662516	-0.00201090048662516	0.00237879403044472	0.00149880985324103	-0.0029790267074926	-0.00439233190309896
14.1	0.00138567862359035	-0.000919845198212567	0.00122009060881462	-0.00122009060881462	0.00180819931298248	0.00127687572626696	-0.00078519234817611	-0.00104268550482236
14.2	0.00197247562025447	-0.00157500366108987	0.00145651653513772	-0.00145651653513772	0.00239922780702902	0.00148099241907346	-0.00105024434024377	-0.00170153745403324
14.3	0.00194872053058091	-0.00241819327916381	0.0019131624114939	-0.0019131624114939	0.00253036462692413	0.00208199196821118	-0.00139728464100796	-0.00259234638337435
14.4	0.00237291571250997	-0.0028541865203815	0.00231824234762836	-0.00231824234762836	0.00346453769676456	0.00231633549477527	-0.00134799926809752	-0.00349237119718484
14.5	0.00138830870792057	-0.00227392910609912	0.00154065684264921	-0.00154065684264921	0.00163264104543314	0.00096965177951332	-0.00214294223756651	-0.00361546909320376
14.6	0.00105478257808936	-0.0015545808547163	0.00106972124975517	-0.00106972124975517	0.00112467657611237	0.000646898805125088	-0.000913985979756317	-0.00185112209402464
14.7	0.000779359623186138	-0.00118432159417083	0.00092209613758769	-0.00092209613758769	0.00112088337215912	0.00060945449639889	-0.000743933218686127	-0.00125176599673178
14.8	0.000969650471028038	-0.00108097048565352	0.00114057653969505	-0.00114057653969505	0.00108817338961718	0.000707466942343769	-0.0007001262095458	-0.00148234229823763
14.9	0.00142693284439946	-0.00207723923390244	0.00175543855581966	-0.00175543855581966	0.00156313315467627	0.00111266119139864	-0.00121247235307372	-0.00281959765760999
15	0.004544302313696	-0.00590038384352868	0.00392242083233679	-0.00392242083233679	0.00452225572543997	0.00231146168167734	-0.00584534714273029	-0.00748607528204556
15.1	0.00420290018070736	-0.00362842111339899	0.0041838951823014	-0.0041838951823014	0.0046888541715388	0.00296939010421535	-0.00346184675019492	-0.00465083854291533
15.2	0.00299399684989924	-0.00240545711408587	0.00361330107917892	-0.00361330107917892	0.00360181444158965	0.00249764851877744	-0.00194256752896595	-0.00259009204655796
15.3	0.00251540946113685	-0.00191032925546933	0.00306595626170017	-0.00306595626170017	0.0030205416226851	0.00215499729088416	-0.00151014590900115	-0.00192680283193481
15.4	0.00258653913533716	-0.00256008626628239	0.00263779060170366	-0.00263779060170366	0.00332603102197696	0.00202114089076813	-0.00172070774802416	-0.00215333940981022
15.5	0.00293377383453564	-0.00438170203641329	0.0032185205403328	-0.0032185205403328	0.00314383014668679	0.00231844025374597	-0.0036805939947689	-0.00529823917614491
15.6	0.00360847497912465	-0.00344080767227354	0.00404823855369398	-0.00404823855369398	0.00400739480171843	0.00281557401011961	-0.00317026304352202	-0.00413685311543374
15.7	0.00266332130802756	-0.00242390075931956	0.00366609269381934	-0.00366609269381934	0.00321073724082791	0.00268093606298629	-0.00205586127709917	-0.00237380206420542
15.8	0.00225439661174869	-0.00283397898339708	0.00312765575967722	-0.00312765575967722	0.00303639325107354	0.00236385413949122	-0.00200825754770262	-0.00298478486126427
15.9	0.00460845494753571	-0.00403846549501434	0.00345671861909498	-0.00345671861909498	0.00650444656481013	0.00437906994407406	-0.00240810958367261	-0.00460131807249134
16	0.00416922909360319	-0.0037390553937854	0.00383484354035428	-0.00383484354035428	0.00495918614498146	0.00392146237910977	-0.00294110787549836	-0.00459801995687179
16.1	0.00271783575501279	-0.00383795889341906	0.00337518990612633	-0.00337518990612633	0.00339948930072676	0.00252088580352423	-0.00286920183830877	-0.00415920917675737
16.2	0.0039798483344715	-0.00380713184187162	0.00388210615479296	-0.00388210615479296	0.00458058053077003	0.00346449339171779	-0.00293374782311999	-0.00488097663063496
16.3	0.00612766990124189	-0.00448639317091833	0.00478173694539947	-0.00478173694539947	0.00688366562739202	0.00483798528561947	-0.00339306170441693	-0.00580376730053292
16.4	0.00793906957522355	-0.00568611038171937	0.00624946932937947	-0.00624946932937947	0.00976493969504444	0.00623716621129413	-0.00424865480464963	-0.00704117564349469
16.5	0.00569220280448541	-0.00497972652274611	0.00522322830517647	-0.00522322830517647	0.00589945333233874	0.00495793163166683	-0.00416860376906106	-0.00866495686867597
16.6	0.00373123087098419	-0.0062187591132166	0.00421734921777703	-0.00421734921777703	0.00353656344015788	0.0028303847703999	-0.00544007348858719	-0.00841216812607708
16.7	0.0032646279394847	-0.00536768880400991	0.00429787009681029	-0.00429787009681029	0.00320192970985942	0.0025942414062327	-0.00472265619835904	-0.00696242318381965
16.8	0.00310628754974866	-0.00432598030512962	0.00417620604557378	-0.00417620604557378	0.00331512897893464	0.0024203716347318	-0.00377937981932892	-0.00526993739631448
16.9	0.00289243123435608	-0.0033018009073296	0.00373104182621326	-0.00373104182621326	0.00361508908299486	0.00246831507200159	-0.00273782653259186	-0.00362714661657028
17	0.00358339228547645	-0.00436498721090879	0.00386511715821268	-0.00386511715821268	0.00429582438082637	0.0031001392261948	-0.00358085277715177	-0.00450132938012475
17.1	0.00377114959477335	-0.00540689533766663	0.00429866259226895	-0.00429866259226895	0.0035304560841554	0.00299259995772939	-0.00436122559378787	-0.00649868945989274
17.2	0.00413562101590677	-0.00555765019215831	0.00496535061887364	-0.00496535061887364	0.00389572596923616	0.00318753467276902	-0.0048323837920416	-0.00697551433579861
17.3	0.00405458587438205	-0.00527990161064278	0.00522774393431708	-0.00522774393431708	0.00424044697596433	0.00343688060036658	-0.00475563778484234	-0.006818039091645
17.4	0.00355364492252033	-0.00417023477240788	0.00485301926920163	-0.00485301926920163	0.00399962147056036	0.00340197222161251	-0.00332214916866161	-0.00422828333904877
17.5	0.00329386405106609	-0.00477728225614636	0.00442541893168535	-0.00442541893168535	0.00419223669047778	0.00331777269384795	-0.00372033171713983	-0.00477952716629742
17.6	0.00381195976997513	-0.00468762800311661	0.00467328154718275	-0.00467328154718275	0.00378149009667803	0.00326466976981118	-0.00411036632455264	-0.00544391988583551
17.7	0.00442943849502081	-0.00500725880353821	0.00524802110655102	-0.00524802110655102	0.00451159816818867	0.00381049322350598	-0.00440629465394639	-0.0065272718970399
17.8	0.00447350131506273	-0.00477046293383697	0.00526827783560923	-0.00526827783560923	0.00478235825068361	0.00387192812268119	-0.00376512488158652	-0.00584983851827662
17.9	0.00371548647281992	-0.00332378733151116	0.00429968050644551	-0.00429968050644551	0.00489174808878897	0.00352596092986791	-0.00231899332604272	-0.00323406474765727
18	0.00379098158683529	-0.00368920768737256	0.00338779152031254	-0.00338779152031254	0.00524229278324936	0.00383222073161624	-0.00233215683188162	-0.00337143469621966
18.1	0.00199796186921822	-0.0024888440887285	0.00291645406619852	-0.00291645406619852	0.00223092535661235	0.0020017675208151	-0.00195638625744362	-0.00260663273361482
18.2	0.00229563738804759	-0.00309359032510981	0.00307079016620564	-0.00307079016620564	0.00262049524520393	0.00203019071386617	-0.0020607514168133	-0.00335043005604899
18.3	0.00261622890018437	-0.00345419555934619	0.00310319034590443	-0.00310319034590443	0.00318356521259735	0.0020125578802641	-0.00238326145634757	-0.00399213317913489
18.4	0.00249109863042678	-0.00230766095667712	0.00298464309376151	-0.00298464309376151	0.0035030090066322	0.0020870197058801	-0.00187111000409973	-0.00244931575513001
18.5	0.00506944252318686	-0.00266632377001483	0.00207464237178075	-0.00207464237178075	0.00741393576859964	0.00482242131510969	-0.00107107233685137	-0.00167261779871978
18.6	0.00368328409653695	-0.00288515267007292	0.00222754148014832	-0.00222754148014832	0.00461494511968998	0.00383998090829695	-0.00187872681852983	-0.002815418532692
18.7	0.00299483527369678	-0.00338262365665557	0.00264004580348748	-0.00264004580348748	0.00389564228006087	0.00327477020518042	-0.0021268516571823	-0.00358739688058491
18.8	0.00267227452705385	-0.00357630588526018	0.00304520856378305	-0.00304520856378305	0.00354834367362341	0.0026252617730733	-0.00242089122467495	-0.00373624522859193
18.9	0.00242624436230814	-0.00285820758652547	0.00286171370611403	-0.00286171370611403	0.00249565491915639	0.00202659257864143	-0.00236091567195579	-0.00387313545068923
19	0.00471387985725831	-0.00419272702476671	0.00397761649616094	-0.00397761649616094	0.00580100002403375	0.00412109087304761	-0.00301103182422444	-0.00444068964253469
19.1	0.00527020187330634	-0.00505347123088612	0.00518030660707662	-0.00518030660707662	0.00631256578549713	0.0044552516623326	-0.0038186533740376	-0.00588874824547358
19.2	0.00495596705259303	-0.00448213606877033	0.00520862526555375	-0.00520862526555375	0.00528504887843272	0.00394653917436014	-0.00368929296456949	-0.00484664713355996
19.3	0.00387215763849685	-0.0040135575064065	0.00497358887772314	-0.00497358887772314	0.00449313930893894	0.00348534082385618	-0.00324055005276572	-0.00486495739768547
19.4	0.00413335567683176	-0.00457251583715257	0.00465075095085311	-0.00465075095085311	0.00443447665647975	0.00326146782492553	-0.00425563645599783	-0.00563508705889273
19.5	0.0048846791082031	-0.00297063229330661	0.00474036090687635	-0.00474036090687635	0.00485476574432257	0.00365882870889362	-0.00303083119275387	-0.00376216292013718
19.6	0.00541045578473995	-0.00360480993389577	0.00497773444224993	-0.00497773444224993	0.00635050384583815	0.00431255371970895	-0.00315570436747433	-0.004153519766923
19.7	0.00483421409103503	-0.00376527191679632	0.00509976898321788	-0.00509976898321788	0.00587623738232751	0.00423036497145594	-0.00325599157163664	-0.00439526816207555
19.8	0.00392355156412448	-0.00332343952881445	0.00468127911938424	-0.00468127911938424	0.00480575333207271	0.00367727106823679	-0.00303135261691527	-0.0039575978834136
19.9	0.00346697974324385	-0.00362597571042536	0.00380953872738598	-0.00380953872738598	0.00407819073671448	0.00274280560012626	-0.00273910834052261	-0.00471003036128844
20	0.00519184978785681	-0.00696965229179062	0.0047005215852452	-0.0047005215852452	0.0052815445037646	0.00340814664396825	-0.0058309669757029	-0.00833322552043945
20.1	0.00458431923665685	-0.00284375282683893	0.00340101974402612	-0.00340101974402612	0.00531761021324675	0.00388656731606305	-0.00253012393654738	-0.00323879344021307
20.2	0.00510627121760149	-0.00279935811291877	0.00317846414290298	-0.00317846414290298	0.00559606019528682	0.00417083533109475	-0.00220701285993925	-0.00251020582668649
20.3	0.00467196381425787	-0.0033559863195297	0.00335269688072133	-0.00335269688072133	0.00560032804655566	0.00356140031656927	-0.00245817411362875	-0.00303270082731081
20.4	0.00272792647302905	-0.00301096862763407	0.00287881618903756	-0.00287881618903756	0.00338089368175715	0.00282643009378003	-0.00194878104421164	-0.0029782899581169
20.5	0.00392191338592185	-0.00537664307351443	0.00342825264811382	-0.00342825264811382	0.00400301158780156	0.00270691145728048	-0.00424714687849535	-0.00622617050367207
20.6	0.00327289120195947	-0.00354127090264788	0.00296772435233667	-0.00296772435233667	0.00417366216555488	0.00277159259560262	-0.00322601257611065	-0.00436126291049951
20.7	0.00326690089447726	-0.00302678179497723	0.00224190203615176	-0.00224190203615176	0.00473766073905017	0.00278842504532534	-0.00182319048080504	-0.00287755883160511
20.8	0.00373158716222376	-0.00245672808851204	0.0020828884153426	-0.0020828884153426	0.00527627990772726	0.00345768943234155	-0.00155805888078749	-0.00241316612010375
20.9	0.00417160186068725	-0.00341188193156535	0.00320043296590786	-0.00320043296590786	0.00536393187405877	0.00382321517853962	-0.00215656563560383	-0.0043396840912832
21	0.00166435595295733	-0.00152656349676614	0.00180266710888026	-0.00180266710888026	0.00215036770073491	0.00113125190157061	-0.00127332661788748	-0.00164626816842511
21.1	0.00301741031828934	-0.0029194366214454	0.00297572490252501	-0.00297572490252501	0.00455528477339154	0.00291855449879602	-0.00188373962940831	-0.0034245732792104
21.2	0.00539148360569859	-0.00517484289504094	0.00418138823894975	-0.00418138823894975	0.00691453470916696	0.0046080083233824	-0.00242907964074088	-0.0058169234277815
21.3	0.00472476069549519	-0.0046827626285898	0.00386841918479327	-0.00386841918479327	0.00596723065473323	0.00449116081353692	-0.00207736123839809	-0.00580374225321307
21.4	0.00281278083118616	-0.00265620629451777	0.0021630398415586	-0.0021630398415586	0.00385099290681859	0.00275076077409667	-0.00181797689918311	-0.00358503316445714
21.5	0.00647013588886144	-0.0092400225801077	0.0058570084178561	-0.0058570084178561	0.00679622133373556	0.00358100463479454	-0.00783483272215781	-0.0104901012388379
21.6	0.00559132613319255	-0.00504069539644625	0.00585894658664062	-0.00585894658664062	0.00638594845701337	0.00363325563712012	-0.00394410597674672	-0.00639448200112759
21.7	0.00408602100796734	-0.00303548186801432	0.00454654080985469	-0.00454654080985469	0.00467434797498979	0.00313127417029152	-0.00245363886795996	-0.00282930635852196
21.8	0.0045842617212811	-0.00330276072383533	0.00347543965886327	-0.00347543965886327	0.0054595462038335	0.00326697127055478	-0.00216873457209586	-0.0030632146760228
21.9	0.00828279826801404	-0.00550017699953866	0.00449586235554541	-0.00449586235554541	0.0109840487909582	0.00695951134833828	-0.00308964053821748	-0.00520696469841637
22	0.00306380577640054	-0.00432218483342543	0.00338243189414568	-0.00338243189414568	0.00325445282385162	0.00259028622098674	-0.00300311750235871	-0.0059602551941378
22.1	0.00482159238568416	-0.00495591221826874	0.00507833380655102	-0.00507833380655102	0.00513134045992387	0.00296180713434508	-0.00443991844784385	-0.00606647025826193
22.2	0.00520890824909601	-0.0047167885351261	0.00611742810531524	-0.00611742810531524	0.00552906607369302	0.00380931387217524	-0.00408387377206115	-0.00526403830709472
22.3	0.00515820710706055	-0.00477002686969026	0.00655141385232257	-0.00655141385232257	0.00594694182278144	0.00492336973113913	-0.00374495781409256	-0.00475839953604211
22.4	0.00796260853043722	-0.0067351074788816	0.00618581211324367	-0.00618581211324367	0.0100035994319246	0.00628854252855732	-0.00465398212388136	-0.00698383718708286
22.5	0.00384702316981349	-0.00579695172757974	0.00558233852924445	-0.00558233852924445	0.00432070741856572	0.00361752693751072	-0.00445868820660709	-0.00627760859552782
22.6	0.00952536980123232	-0.00840228451019438	0.00783740342392806	-0.00783740342392806	0.012508710343172	0.00812592883785139	-0.00423972519871323	-0.0112861892048015
22.7	0.0140798850553134	-0.0102191090102922	0.0104021165799179	-0.0104021165799179	0.0176688042835756	0.0111381037444798	-0.00634478512613628	-0.0140115505542132
22.8	0.0133445665166388	-0.00921222190802229	0.00923284243059557	-0.00923284243059557	0.0156356325692761	0.010499747383977	-0.00583296330653725	-0.0115773376382911
22.9	0.0141199769422845	-0.00951857222139366	0.0094181260071935	-0.0094181260071935	0.0168575950446053	0.0114790495247641	-0.00641752561172629	-0.0105779979991842
23	0.00508155496846227	-0.0105844263753344	0.0057819856835213	-0.0057819856835213	0.0049056025319285	0.0042628838565533	-0.00791054460333938	-0.0130111086171806
23.1	0.00911031104887438	-0.0102394684946354	0.00865501993372672	-0.00865501993372672	0.009243157338467	0.00562485556334944	-0.00993234121636451	-0.0145367438933706
23.2	0.00866759098565983	-0.00881487222211105	0.00917115819401249	-0.00917115819401249	0.00912778140492698	0.00591082175714897	-0.00855479726459896	-0.0118396198830763
23.3	0.00777717940448067	-0.00650460854543331	0.00875760126072665	-0.00875760126072665	0.00858486753545432	0.00586592663275556	-0.00618346046764508	-0.0084841630694872
23.4	0.00791268150814493	-0.00640911039209463	0.00633151783177316	-0.00633151783177316	0.0101926843597389	0.00576592001342725	-0.00407559639682279	-0.00586712280718862
23.5	0.0120639993786067	-0.00929748303921903	0.00858672702194927	-0.00858672702194927	0.0164118102766092	0.0102771686798518	-0.00663871595947983	-0.00977439433694938
23.6	0.00403433604371949	-0.00747845138536522	0.00474196955390712	-0.00474196955390712	0.00396096531278088	0.00313519306941938	-0.00523343016071644	-0.00880140801594165
23.7	0.00455427448138161	-0.00828962008598429	0.00571212980426675	-0.00571212980426675	0.00435749351699975	0.00339286391579913	-0.00773852847975517	-0.00953856715621978
23.8	0.00685920948851775	-0.0121352758016511	0.00721930588489348	-0.00721930588489348	0.00612962593892916	0.00503607816435296	-0.00843888557793504	-0.0153082768637721
23.9	0.00699875410414687	-0.0106658069680685	0.00839907719409727	-0.00839907719409727	0.00843439673116932	0.00677725777633541	-0.00584386127241329	-0.0101714601158819
24	0.0112448707580094	-0.0171133614160732	0.0109385134338767	-0.0109385134338767	0.0109365561630163	0.00878283426249571	-0.0150452268248583	-0.0203927373672902
24.1	0.012453011407779	-0.0152566097617828	0.0125786958197051	-0.0125786958197051	0.0127282505060455	0.00996052387157609	-0.0129706188033125	-0.0190409183045379
24.2	0.00872746539921786	-0.00981032625124278	0.00923438029319769	-0.00923438029319769	0.00856240311063992	0.00694346746321817	-0.00777119808211563	-0.0114289351981768
24.3	0.00544001543795243	-0.00512891107209094	0.00654569433547844	-0.00654569433547844	0.00619056735283759	0.00487418093413221	-0.00438933013011084	-0.00562430663827555
24.4	0.00870649714512986	-0.00602411513701199	0.00552085671534174	-0.00552085671534174	0.0110150801320804	0.00691548593563998	-0.00443746247464969	-0.00681516267057929
24.5	0.00790901395379041	-0.00762543121516233	0.00704540062164837	-0.00704540062164837	0.00958957675475966	0.00672541475647952	-0.00602099840078296	-0.00744999003472552
24.6	0.00529856739138326	-0.00891136816910602	0.00592721043749716	-0.00592721043749716	0.00476062449583045	0.00411171566716825	-0.00711688736857599	-0.0113236024360227
24.7	0.00685189285194326	-0.0095743069763589	0.00737152486029609	-0.00737152486029609	0.00681396992586945	0.0048981155390086	-0.00865337690613913	-0.0120509788075995
24.8	0.00832055042869974	-0.00933085345498231	0.00844937573142673	-0.00844937573142673	0.00879544195866145	0.00523190435408604	-0.00912157756025234	-0.0130675679782824
24.9	0.00650478524637064	-0.00570479237380617	0.00756863551218976	-0.00756863551218976	0.00817930432649926	0.00476425456797296	-0.00498231763357215	-0.00659258189606513
25	0.0117561045243428	-0.00737482377423264	0.00649229026263403	-0.00649229026263403	0.0133576942150909	0.00818481404848838	-0.00432529185419175	-0.0076834120666585
25.1	0.00547023627830878	-0.00533776289133035	0.00487803282408705	-0.00487803282408705	0.00639329169984387	0.00495754364829547	-0.00417425544962519	-0.00585534360018214
25.2	0.00597804063358525	-0.00596191840156364	0.0050909839760094	-0.0050909839760094	0.00687381941619445	0.00575417211866828	-0.00433178552911176	-0.00637334842185597
25.3	0.00729220611336706	-0.00669144764990343	0.00727678770595771	-0.00727678770595771	0.00935598622697172	0.0069104248164579	-0.00563259523831489	-0.00838435062650503
25.4	0.00996889744963871	-0.00789734251935234	0.00829461225058922	-0.00829461225058922	0.0116645035917587	0.00940702854951951	-0.00458445051822945	-0.00906716179423882
25.5	0.00887291395214019	-0.00714533293640574	0.00753446138493564	-0.00753446138493564	0.0113686369912716	0.00908439991053887	-0.00558528108622502	-0.00787490738762881
25.6	0.00367714379817563	-0.00693268528533653	0.00428702445980852	-0.00428702445980852	0.00367857856797031	0.00289329164506739	-0.00557452038546803	-0.00759022168048169
25.7	0.00395653887878673	-0.00658465772011437	0.00472194566452999	-0.00472194566452999	0.00380597032261413	0.00292775120616265	-0.00566604949533772	-0.00869925966103446
25.8	0.00461297793637242	-0.00673038059668805	0.00493683303976694	-0.00493683303976694	0.00463949056861282	0.00333339639279574	-0.00557617708612655	-0.00854816299717436
25.9	0.00327958136835121	-0.00353873662283086	0.0038344863772804	-0.0038344863772804	0.00356580717484956	0.00302194902864607	-0.00262528472592414	-0.0040137424365351
26	0.00571734827047643	-0.00444291988072746	0.0042150101824869	-0.0042150101824869	0.00732961501346912	0.0048081730472912	-0.00263994265704613	-0.00440407868424766
26.1	0.002190467978567	-0.00321079775341086	0.00266140137219048	-0.00266140137219048	0.00243033589206951	0.00190225288783333	-0.00219698225639025	-0.00374395679809875
26.2	0.00416576737150647	-0.00531248150981981	0.0043352096388965	-0.0043352096388965	0.00512793722304904	0.00335060096757846	-0.00488411187681032	-0.00590114197794676
26.3	0.00672391474205027	-0.0084823203206244	0.00693867820110586	-0.00693867820110586	0.00767593007652528	0.00467681908651918	-0.00727113651553209	-0.00933780255888904
26.4	0.00860797622396849	-0.0108287821236446	0.00965277272596693	-0.00965277272596693	0.00993141925452616	0.00570889125183405	-0.00885392310897223	-0.0131341235170827
26.5	0.00539916719900781	-0.00526427892881811	0.00658021146388934	-0.00658021146388934	0.00710330793196053	0.0042629199738784	-0.00438755875356226	-0.00771540253109832
26.6	0.00410343541273166	-0.00461459902541309	0.00568009406807214	-0.00568009406807214	0.00526244726842064	0.00345395821218494	-0.00365073850375439	-0.0061835043520515
26.7	0.00251352934647454	-0.00243803783862002	0.00310588519710555	-0.00310588519710555	0.00296895102691815	0.00215811315082347	-0.00178926413665922	-0.00235220308043583
26.8	0.00139435228005377	-0.00167500873883835	0.0016761282623571	-0.0016761282623571	0.00204284249366451	0.0012024673302885	-0.00106700867431987	-0.00196161039130118
26.9	0.00279638965475283	-0.00216163746663846	0.00274081628263621	-0.00274081628263621	0.00302558974019305	0.00196725568757359	-0.00180708440636817	-0.00285194466336259
27	0.00616566983352093	-0.00678202057557472	0.00549205601987072	-0.00549205601987072	0.00804988663386808	0.00684989663065672	-0.00351679852913447	-0.00706479851730051
27.1	0.00567814193317294	-0.00594604867280578	0.00631557459353259	-0.00631557459353259	0.00651910927112664	0.00432495610980834	-0.00503066776690885	-0.0072598236035749
27.2	0.00529833341337279	-0.00549668330334175	0.00645536180078441	-0.00645536180078441	0.00576312806283246	0.00438150780448718	-0.00473076650392181	-0.00635145249485637
27.3	0.004897414509812	-0.00534695704165986	0.00665276214267125	-0.00665276214267125	0.00484222262191598	0.00442351049875665	-0.00464720280608969	-0.00656832124196026
27.4	0.0062392526918064	-0.00591378089641676	0.0069513720530026	-0.0069513720530026	0.00599938418801534	0.00510260203157575	-0.00520341352578174	-0.00659643614097986
27.5	0.00802285553839777	-0.00635937546152293	0.00833975481995277	-0.00833975481995277	0.00922052073054459	0.00643800063661985	-0.00552094317269557	-0.00712392485794815
27.6	0.00881147195629919	-0.00980428783310293	0.010288138904415	-0.010288138904415	0.00978160064540077	0.00753629596300975	-0.00669294789216581	-0.0108138279692378
27.7	0.00804172566199279	-0.00983834660910253	0.0104859334742354	-0.0104859334742354	0.00901278001121601	0.00725796914669186	-0.00664605896512	-0.0113477516595214
27.8	0.00636566207494443	-0.00904420229446656	0.00953725509025208	-0.00953725509025208	0.00700025217463778	0.00620673469139526	-0.00655768098034468	-0.0103990825340621
27.9	0.004629193873578	-0.00619691141095488	0.00666570934365735	-0.00666570934365735	0.00551815439462927	0.00425837559096265	-0.00488134486181228	-0.00899171436880803
28	0.00554079567997483	-0.00512096327428696	0.00390989055880461	-0.00390989055880461	0.00562602310577164	0.00419014761551708	-0.00433649679047786	-0.00643053657456137
28.1	0.00345597191245041	-0.00190833940480304	0.00166174718604494	-0.00166174718604494	0.00423749692245728	0.00333330028998148	-0.00110344834623514	-0.0015344616389148
28.2	0.00285205006661226	-0.00189490114352987	0.0017285281926499	-0.0017285281926499	0.00419908300700097	0.00288306523096969	-0.00089704898892189	-0.00137951520757983
28.3	0.00544433177514054	-0.00331363572965481	0.00357302821397152	-0.00357302821397152	0.00744016150575193	0.005208632239021	-0.0016233793748506	-0.00223932443164639
28.4	0.010648869802968	-0.00664235020529079	0.00746885819068031	-0.00746885819068031	0.013589927179791	0.00867811496358483	-0.00429485354756845	-0.00738300162346924
28.5	0.00759648020497767	-0.00532085998374077	0.00634966757316011	-0.00634966757316011	0.00857189450757367	0.00656817359303182	-0.00365698824248593	-0.00840650310054813
28.6	0.00715245792014438	-0.00603455196690829	0.00685741026562568	-0.00685741026562568	0.00870950968577352	0.00660161999059498	-0.00450434580684464	-0.00869919427391264
28.7	0.00779560786256425	-0.00680138866066682	0.00716864154536389	-0.00716864154536389	0.00945832994261973	0.00723809195378183	-0.00490309042129257	-0.00846672156968352
28.8	0.00584065995025315	-0.00616707327275799	0.00579543273639489	-0.00579543273639489	0.00742275588131473	0.00524822530723042	-0.00414316730946425	-0.00657140614198884
28.9	0.00534368171466278	-0.00620610196204988	0.00565906608912867	-0.00565906608912867	0.00672401050261771	0.00451054043615436	-0.0049075507407538	-0.00624239788633554
29	0.00677521660406287	-0.00936984389757255	0.00788719807982548	-0.00788719807982548	0.007693666738835	0.005370967287912	-0.00771045478390877	-0.0114247925737076
29.1	0.00860910629003244	-0.00780646917892077	0.00997562609091892	-0.00997562609091892	0.00913879713345463	0.00718579539030968	-0.00728457208572483	-0.0105504350358522
29.2	0.00733635857316179	-0.00666205049155232	0.00942163142793325	-0.00942163142793325	0.00818550812553407	0.00690795595107097	-0.00579498538553862	-0.00695159259478755
29.3	0.0064434246316548	-0.00769891467149132	0.00834677795290908	-0.00834677795290908	0.00834302216201797	0.00632796574148561	-0.00598603536557875	-0.00834306420787127
29.4	0.0108370652587064	-0.0103725208554589	0.00869493870916853	-0.00869493870916853	0.0143105511741342	0.0103329547067831	-0.00777693508323059	-0.0115471167804444
29.5	0.00513944394841402	-0.0090786068821553	0.00767844230213106	-0.00767844230213106	0.00575431768330083	0.00519087569307156	-0.00717116233290387	-0.009336194851082
29.6	0.00812769471193481	-0.00915346888251597	0.00996913121241248	-0.00996913121241248	0.00838834070972955	0.00671027854361124	-0.00847142263640077	-0.0116130856482166
29.7	0.0100845821801161	-0.00922360970490829	0.0120840689577079	-0.0120840689577079	0.0107374509123582	0.00826996888038156	-0.00887494566182686	-0.011815272267189
29.8	0.0121531782636878	-0.00871484197569065	0.0135936605569576	-0.0135936605569576	0.0132798989937475	0.00986395971609635	-0.00798620235165247	-0.0109389005807613
29.9	0.0107772308392216	-0.00920513578833555	0.0127303667092914	-0.0127303667092914	0.0149468921568804	0.0100862275839804	-0.00674134472545368	-0.00892682642554991
30	0.0121293094791619	-0.0103865361315964	0.00991843450498367	-0.00991843450498367	0.0155742815189713	0.00825793466767222	-0.00690849174430849	-0.00909301163177581
30.1	0.00776487346906467	-0.00757977464323488	0.00914960864833604	-0.00914960864833604	0.0108562246983772	0.00701413777360407	-0.00554585320950009	-0.00728841445605306
30.2	0.0110449887216721	-0.00842637781321798	0.00857222061546711	-0.00857222061546711	0.013381281981886	0.00748098019989848	-0.00593791202822072	-0.00939221338287763
30.3	0.0129797402315175	-0.0105137369608637	0.00948262474952392	-0.00948262474952392	0.0181490831303749	0.0109162387614929	-0.00544427423784917	-0.0122848639153845
30.4	0.0190083239942293	-0.0126253196385512	0.0118490838037459	-0.0118490838037459	0.0255974341142545	0.0157705841757486	-0.00657968712870734	-0.0145643194725929
30.5	0.0114865574595689	-0.00965467107902876	0.00926602685457354	-0.00926602685457354	0.0147176543229191	0.00981201606409174	-0.00619662030404956	-0.0111061045887271
30.6	0.00388359990858757	-0.00563421368374727	0.00555737132395511	-0.00555737132395511	0.00515855673672956	0.00374927718096607	-0.00454501855249358	-0.00733690130071096
30.7	0.00542229268318305	-0.00631794236551204	0.00606463187707117	-0.00606463187707117	0.00626260257541114	0.00419781753029824	-0.00473637828487763	-0.00804771083295569
30.8	0.00531208208191788	-0.00649737143626368	0.00590396209240513	-0.00590396209240513	0.00665482032377834	0.00414316311762895	-0.00455085218229714	-0.00818858682326233
30.9	0.00877865451162869	-0.00660701593233687	0.00554688442710821	-0.00554688442710821	0.0107084320757524	0.00751330388184877	-0.00376001140554352	-0.00845894524715254
31	0.0156335309799471	-0.00981847197861334	0.0090646418743259	-0.0090646418743259	0.0188127697863105	0.0117744942573761	-0.00567456290564818	-0.0111925860757231
31.1	0.00550031327092422	-0.00441033179108868	0.00428101981217985	-0.00428101981217985	0.00707241454083285	0.00469448694783629	-0.00275952917140036	-0.00462821324173503
31.2	0.00202769387562511	-0.00232273234142315	0.00215464497084758	-0.00215464497084758	0.00216362985792239	0.00174967366509353	-0.00167000032436068	-0.00278926110420515
31.3	-0.00580312380539226	-0.0185930951953808	0.00547808254823293	-0.00547808254823293	0.00718792650995125	0.00363818667102196	-0.00479010442981596	-0.00672584356429201
31.4	0.0110872383180982	-0.0104643690619634	0.010895726624351	-0.010895726624351	0.0122463696061738	0.00651898739601925	-0.00994878302353154	-0.0149894228122056
31.5	0.00763211053140936	-0.00622300509883894	0.00854403433024687	-0.00854403433024687	0.00819750097556082	0.00571859926813097	-0.0049831483573992	-0.00801751016697699
31.6	0.00970406640930312	-0.00915029292892343	0.0107863326894181	-0.0107863326894181	0.0104342651048986	0.00618887045805959	-0.00791504431101081	-0.0130380091242089
31.7	0.0103540780233785	-0.00983351943489551	0.0106525302597922	-0.0106525302597922	0.00995162651729821	0.00605355620861867	-0.00889541566721364	-0.0131615863598697
31.8	0.00724289890531535	-0.00765091335783785	0.00788329391049126	-0.00788329391049126	0.0083911637151175	0.00457954306686759	-0.00738087795991918	-0.00982736020628346
31.9	0.00723102344721045	-0.00560472554996629	0.00504504803699558	-0.00504504803699558	0.00898123557449355	0.00535467435742228	-0.00394056026526762	-0.00567846536019372
32	0.0130953354043466	-0.00952639155836342	0.00888512175498293	-0.00888512175498293	0.0168112299231656	0.0110376229363119	-0.00639865932847937	-0.0120888821780209
32.1	0.00736814916594597	-0.00821264575519833	0.00844836435702414	-0.00844836435702414	0.00950265693816857	0.00683153193473651	-0.005624526110814	-0.0109980171185712
32.2	0.00491528944441789	-0.00652857599075678	0.00724572749867686	-0.00724572749867686	0.00537232104191068	0.00472670227185118	-0.00510242968898526	-0.008700422574793
32.3	0.00443541918460745	-0.0047712392361174	0.00591989269076303	-0.00591989269076303	0.00519350214922984	0.00359334887150928	-0.00416299659685875	-0.00700509348106323
32.4	0.0066495632640252	-0.00734035572073598	0.00634047457215884	-0.00634047457215884	0.0074641782255447	0.00466439714184096	-0.00643498992705376	-0.00949734931218836
32.5	0.007728648910936	-0.00628831187821012	0.00727881153660109	-0.00727881153660109	0.00955299811342808	0.00606619247003215	-0.0047518292204526	-0.00741596146843901
32.6	0.00827766914443104	-0.00730073047271783	0.00894425989434427	-0.00894425989434427	0.00900318620144697	0.00653693216140211	-0.0052320752193398	-0.00895730894506257
32.7	0.0072821285283815	-0.00648371669128711	0.00873397911194483	-0.00873397911194483	0.00766806492481434	0.00636347630610204	-0.00537705016605296	-0.00748016684291422
32.8	0.00594224288525699	-0.00573102718214938	0.00738198059046225	-0.00738198059046225	0.00638769425938293	0.0048582921957622	-0.00503083931866902	-0.00861646088411497
32.9	0.00713552481880828	-0.00954533244008701	0.00662977837114259	-0.00662977837114259	0.00664904852131276	0.00498210581918232	-0.00772150800463789	-0.0123180183226069
33	0.00560409056342082	-0.00478579399324797	0.0060365651233306	-0.0060365651233306	0.00559112420288041	0.00475390996120112	-0.00459682157229621	-0.00579218803031345
