0.2000,0.0109,0.0034,0.0005,0.0000,0.0069,169.75,17.53,0.03,0.00,35.06
0.3000,0.0109,0.0034,0.0005,0.0000,0.0069,165.84,17.46,0.03,0.00,34.91
0.4000,0.0110,0.0034,0.0005,0.0000,0.0069,161.61,17.24,0.03,0.00,34.49
0.5000,0.0110,0.0034,0.0005,0.0000,0.0068,156.93,17.15,0.03,0.00,34.31
0.6000,0.0110,0.0034,0.0005,0.0000,0.0068,153.05,17.13,0.03,0.00,34.26
0.7000,0.0112,0.0034,0.0005,0.0000,0.0069,149.31,16.82,0.03,0.00,33.64
0.8000,0.0115,0.0034,0.0006,0.0000,0.0069,145.16,16.47,0.03,0.00,32.93
0.9000,0.0118,0.0034,0.0006,0.0000,0.0069,140.84,16.10,0.03,0.00,32.21
1.0000,0.0120,0.0034,0.0006,0.0000,0.0069,136.32,15.77,0.03,0.00,31.54
1.1000,0.0124,0.0034,0.0006,0.0000,0.0069,132.02,15.27,0.03,0.00,30.55
1.2000,0.0126,0.0034,0.0006,0.0000,0.0069,126.00,15.12,0.03,0.00,30.24
1.3000,0.0124,0.0034,0.0006,0.0000,0.0069,118.55,15.38,0.03,0.00,30.77
1.4000,0.0116,0.0034,0.0006,0.0000,0.0069,111.91,16.34,0.03,0.00,32.67
1.5000,0.0108,0.0034,0.0006,0.0000,0.0069,106.06,17.57,0.03,0.00,35.13
1.6000,0.0105,0.0034,0.0006,0.0000,0.0069,103.45,18.00,0.03,0.00,36.00
1.7000,0.0106,0.0034,0.0006,0.0000,0.0069,100.14,17.93,0.03,0.00,35.86
1.8000,0.0107,0.0034,0.0006,0.0000,0.0069,96.84,17.78,0.03,0.00,35.57
1.9000,0.0108,0.0034,0.0006,0.0000,0.0069,93.42,17.58,0.03,0.00,35.16
2.0000,0.0110,0.0034,0.0006,0.0000,0.0069,90.16,17.29,0.03,0.00,34.58
2.1000,0.0111,0.0034,0.0006,0.0000,0.0070,86.10,17.06,0.03,0.00,34.11
2.2000,0.0113,0.0034,0.0006,0.0000,0.0070,81.53,16.90,0.03,0.00,33.80
2.3000,0.0112,0.0034,0.0006,0.0000,0.0070,76.82,17.04,0.04,0.00,34.07
2.4000,0.0111,0.0034,0.0006,0.0000,0.0070,72.13,17.11,0.04,0.00,34.22
2.5000,0.0110,0.0034,0.0006,0.0000,0.0070,67.74,17.27,0.04,0.00,34.55
2.6000,0.0109,0.0034,0.0006,0.0000,0.0070,62.88,17.47,0.04,0.00,34.94
2.7000,0.0107,0.0034,0.0006,0.0000,0.0070,58.38,17.76,0.04,0.00,35.53
2.8000,0.0106,0.0034,0.0006,0.0000,0.0070,54.80,17.94,0.04,0.00,35.88
2.9000,0.0108,0.0035,0.0006,0.0000,0.0070,51.05,17.67,0.04,0.00,35.33
3.0000,0.0111,0.0035,0.0006,0.0000,0.0070,46.48,17.14,0.04,0.00,34.29
3.1000,0.0114,0.0035,0.0006,0.0000,0.0070,41.69,16.78,0.04,0.00,33.55
3.2000,0.0115,0.0035,0.0007,0.0000,0.0070,38.02,16.61,0.04,0.00,33.22
3.3000,0.0117,0.0035,0.0007,0.0000,0.0071,33.65,16.34,0.04,0.00,32.67
3.4000,0.0119,0.0035,0.0007,0.0000,0.0071,28.57,16.17,0.04,0.00,32.33
3.5000,0.0118,0.0035,0.0007,0.0000,0.0071,23.23,16.33,0.04,0.00,32.67
3.6000,0.0116,0.0035,0.0007,0.0000,0.0071,18.79,16.58,0.04,0.00,33.17
3.7000,0.0115,0.0035,0.0007,0.0000,0.0071,14.60,16.64,0.04,0.00,33.29
3.8000,0.0115,0.0035,0.0007,0.0000,0.0071,10.47,16.76,0.04,0.00,33.53
3.9000,0.0114,0.0035,0.0007,0.0000,0.0071,6.49,16.87,0.04,0.00,33.74
4.0000,0.0114,0.0035,0.0007,0.0000,0.0071,3.16,16.93,0.04,0.00,33.86
4.1000,0.0115,0.0035,0.0007,0.0000,0.0071,0.10,16.69,0.04,0.00,33.38
4.2000,0.0118,0.0035,0.0007,0.0000,0.0071,-3.33,16.35,0.04,0.00,32.71
4.3000,0.0120,0.0035,0.0007,0.0000,0.0071,-7.46,16.02,0.04,0.00,32.04
4.4000,0.0122,0.0035,0.0007,0.0000,0.0071,-11.66,15.86,0.04,0.00,31.73
4.5000,0.0123,0.0035,0.0007,0.0000,0.0071,-15.63,15.71,0.04,0.00,31.41
4.6000,0.0124,0.0035,0.0007,0.0000,0.0072,-19.90,15.55,0.04,0.00,31.10
4.7000,0.0125,0.0035,0.0007,0.0000,0.0072,-24.49,15.54,0.04,0.00,31.09
4.8000,0.0124,0.0035,0.0007,0.0000,0.0072,-28.62,15.59,0.04,0.00,31.18
4.9000,0.0124,0.0035,0.0007,0.0000,0.0072,-32.01,15.62,0.04,0.00,31.24
5.0000,0.0126,0.0035,0.0007,0.0000,0.0072,-34.49,15.42,0.04,0.00,30.84
5.1000,0.0130,0.0035,0.0007,0.0000,0.0072,-36.93,14.98,0.04,0.00,29.96
5.2000,0.0134,0.0035,0.0007,0.0000,0.0072,-39.80,14.54,0.04,0.00,29.07
5.3000,0.0138,0.0035,0.0008,0.0000,0.0072,-42.58,14.16,0.04,0.00,28.32
5.4000,0.0142,0.0035,0.0008,0.0000,0.0072,-45.65,13.73,0.04,0.00,27.45
5.5000,0.0146,0.0035,0.0008,0.0000,0.0072,-49.66,13.35,0.04,0.00,26.70
5.6000,0.0148,0.0035,0.0008,0.0000,0.0072,-54.17,13.23,0.04,0.00,26.45
5.7000,0.0146,0.0035,0.0008,0.0000,0.0072,-58.52,13.35,0.04,0.00,26.69
5.8000,0.0146,0.0035,0.0008,0.0000,0.0073,-62.70,13.42,0.04,0.00,26.84
5.9000,0.0144,0.0035,0.0008,0.0000,0.0073,-67.26,13.56,0.05,0.00,27.12
6.0000,0.0141,0.0035,0.0008,0.0000,0.0073,-72.06,13.88,0.05,0.00,27.75
6.1000,0.0136,0.0035,0.0008,0.0000,0.0073,-75.67,14.34,0.05,0.00,28.68
6.2000,0.0134,0.0036,0.0008,0.0000,0.0073,-78.38,14.59,0.05,0.00,29.18
6.3000,0.0134,0.0036,0.0008,0.0000,0.0073,-80.61,14.56,0.05,0.00,29.11
6.4000,0.0137,0.0036,0.0008,0.0000,0.0073,-82.70,14.32,0.05,0.00,28.63
6.5000,0.0140,0.0036,0.0008,0.0000,0.0073,-84.75,13.95,0.05,0.00,27.91
6.6000,0.0145,0.0036,0.0008,0.0000,0.0073,-87.12,13.54,0.05,0.00,27.09
6.7000,0.0148,0.0036,0.0008,0.0000,0.0073,-90.67,13.27,0.05,0.00,26.53
6.8000,0.0149,0.0036,0.0008,0.0000,0.0073,-94.71,13.22,0.05,0.00,26.44
6.9000,0.0147,0.0036,0.0008,0.0000,0.0073,-98.55,13.32,0.05,0.00,26.65
7.0000,0.0146,0.0036,0.0008,0.0000,0.0073,-101.99,13.44,0.05,0.00,26.88
7.1000,0.0144,0.0036,0.0009,0.0000,0.0074,-105.69,13.63,0.05,0.00,27.26
7.2000,0.0141,0.0036,0.0009,0.0000,0.0074,-109.07,13.95,0.05,0.00,27.91
7.3000,0.0138,0.0036,0.0009,0.0000,0.0074,-111.62,14.26,0.05,0.00,28.52
7.4000,0.0137,0.0036,0.0009,0.0000,0.0074,-113.88,14.33,0.05,0.00,28.66
7.5000,0.0137,0.0036,0.0009,0.0000,0.0074,-115.58,14.32,0.05,0.00,28.64
7.6000,0.0139,0.0036,0.0009,0.0000,0.0074,-116.66,14.13,0.05,0.00,28.26
7.7000,0.0146,0.0036,0.0009,0.0000,0.0074,-117.86,13.48,0.05,0.00,26.97
7.8000,0.0152,0.0036,0.0009,0.0000,0.0074,-120.29,12.94,0.05,0.00,25.89
7.9000,0.0157,0.0036,0.0009,0.0000,0.0074,-123.27,12.61,0.05,0.00,25.22
8.0000,0.0160,0.0036,0.0009,0.0000,0.0074,-126.64,12.35,0.05,0.00,24.70
8.1000,0.0162,0.0036,0.0009,0.0000,0.0074,-130.02,12.22,0.05,0.00,24.45
8.2000,0.0162,0.0036,0.0009,0.0000,0.0074,-133.49,12.21,0.05,0.00,24.41
8.3000,0.0162,0.0036,0.0009,0.0000,0.0075,-136.62,12.23,0.05,0.00,24.46
8.4000,0.0162,0.0036,0.0009,0.0000,0.0075,-139.52,12.21,0.05,0.00,24.41
8.5000,0.0164,0.0036,0.0009,0.0000,0.0075,-142.81,12.12,0.05,0.00,24.25
8.6000,0.0164,0.0036,0.0009,0.0000,0.0075,-146.18,12.06,0.05,0.00,24.12
8.7000,0.0165,0.0036,0.0010,0.0000,0.0075,-149.42,12.02,0.05,0.00,24.04
8.8000,0.0167,0.0036,0.0010,0.0000,0.0075,-152.49,11.92,0.06,0.00,23.84
8.9000,0.0166,0.0036,0.0010,0.0000,0.0075,-155.90,11.97,0.06,0.00,23.94
9.0000,0.0163,0.0036,0.0010,0.0000,0.0075,-159.13,12.20,0.06,0.00,24.40
9.1000,0.0158,0.0036,0.0010,0.0000,0.0075,-161.80,12.56,0.06,0.00,25.11
9.2000,0.0154,0.0036,0.0010,0.0000,0.0075,-163.81,12.92,0.06,0.00,25.85
9.3000,0.0149,0.0036,0.0010,0.0000,0.0075,-165.62,13.30,0.06,0.00,26.60
9.4000,0.0145,0.0036,0.0010,0.0000,0.0075,-167.11,13.64,0.06,0.00,27.29
9.5000,0.0143,0.0036,0.0010,0.0000,0.0076,-168.77,13.88,0.06,0.00,27.76
9.6000,0.0143,0.0036,0.0010,0.0000,0.0076,-170.46,13.91,0.06,0.00,27.81
9.7000,0.0143,0.0036,0.0010,0.0000,0.0076,-172.79,13.88,0.06,0.00,27.76
9.8000,0.0143,0.0036,0.0010,0.0000,0.0076,-175.61,13.85,0.06,0.00,27.70
9.9000,0.0145,0.0037,0.0010,0.0000,0.0076,-178.91,13.74,0.06,0.00,27.48
10.0000,0.0145,0.0037,0.0010,0.0000,0.0076,177.49,13.73,0.06,0.00,27.47
10.1000,0.0143,0.0037,0.0011,0.0000,0.0076,173.98,13.87,0.06,0.00,27.74
10.2000,0.0140,0.0037,0.0011,0.0000,0.0076,170.46,14.18,0.06,0.00,28.35
10.3000,0.0136,0.0037,0.0011,0.0000,0.0076,167.47,14.62,0.06,0.00,29.25
10.4000,0.0130,0.0037,0.0011,0.0000,0.0076,165.39,15.30,0.06,0.00,30.61
10.5000,0.0124,0.0037,0.0011,0.0000,0.0076,163.80,16.01,0.06,0.00,32.01
10.6000,0.0119,0.0037,0.0011,0.0000,0.0077,162.83,16.62,0.06,0.00,33.24
10.7000,0.0115,0.0037,0.0011,0.0000,0.0077,161.71,17.13,0.06,0.00,34.26
10.8000,0.0113,0.0037,0.0011,0.0000,0.0077,160.55,17.52,0.06,0.00,35.03
10.9000,0.0111,0.0037,0.0011,0.0000,0.0077,159.29,17.76,0.06,0.00,35.53
11.0000,0.0110,0.0037,0.0011,0.0000,0.0077,157.21,18.01,0.06,0.00,36.02
11.1000,0.0107,0.0037,0.0011,0.0000,0.0077,154.93,18.45,0.06,0.00,36.89
11.2000,0.0102,0.0037,0.0011,0.0000,0.0077,152.44,19.20,0.07,0.00,38.41
11.3000,0.0096,0.0037,0.0011,0.0000,0.0077,149.63,20.42,0.07,0.00,40.84
11.4000,0.0089,0.0037,0.0012,0.0000,0.0077,147.92,21.92,0.07,0.00,43.84
11.5000,0.0082,0.0037,0.0012,0.0000,0.0077,148.30,23.60,0.07,0.00,47.20
11.6000,0.0075,0.0037,0.0012,0.0000,0.0077,149.94,25.59,0.07,0.00,51.18
11.7000,0.0069,0.0037,0.0012,0.0000,0.0078,153.18,27.79,0.07,0.00,55.58
11.8000,0.0063,0.0037,0.0012,0.0000,0.0078,157.18,29.80,0.07,0.00,59.60
11.9000,0.0061,0.0037,0.0012,0.0000,0.0078,160.70,30.86,0.07,0.00,61.72
12.0000,0.0059,0.0037,0.0012,0.0000,0.0078,162.46,31.60,0.07,0.00,63.20
12.1000,0.0057,0.0037,0.0012,0.0000,0.0078,164.91,32.83,0.07,0.00,65.67
12.2000,0.0055,0.0037,0.0012,0.0000,0.0078,169.31,33.68,0.07,0.00,67.37
12.3000,0.0053,0.0037,0.0012,0.0000,0.0078,172.62,34.69,0.07,0.00,69.37
12.4000,0.0051,0.0037,0.0012,0.0000,0.0078,177.48,35.96,0.07,0.00,71.92
12.5000,0.0050,0.0037,0.0012,0.0000,0.0078,-176.84,36.16,0.07,0.00,72.32
12.6000,0.0053,0.0037,0.0013,0.0000,0.0078,-171.80,34.91,0.07,0.00,69.83
12.7000,0.0056,0.0037,0.0013,0.0000,0.0079,-167.62,33.33,0.07,0.00,66.67
12.8000,0.0058,0.0037,0.0013,0.0000,0.0079,-163.26,32.35,0.07,0.00,64.70
12.9000,0.0060,0.0037,0.0013,0.0000,0.0079,-160.16,31.30,0.07,0.00,62.61
13.0000,0.0062,0.0037,0.0013,0.0000,0.0079,-158.83,30.56,0.07,0.00,61.13
13.1000,0.0063,0.0037,0.0013,0.0000,0.0079,-156.64,30.19,0.07,0.00,60.38
13.2000,0.0064,0.0037,0.0013,0.0000,0.0079,-153.72,29.69,0.07,0.00,59.38
13.3000,0.0068,0.0037,0.0013,0.0000,0.0079,-148.81,28.32,0.08,0.00,56.64
13.4000,0.0073,0.0037,0.0013,0.0000,0.0079,-144.04,26.57,0.08,0.00,53.14
13.5000,0.0079,0.0037,0.0013,0.0000,0.0079,-140.37,24.48,0.08,0.00,48.97
13.6000,0.0088,0.0037,0.0013,0.0000,0.0079,-139.15,22.28,0.08,0.00,44.56
13.7000,0.0097,0.0037,0.0013,0.0000,0.0080,-140.18,20.36,0.08,0.00,40.72
13.8000,0.0107,0.0037,0.0014,0.0000,0.0080,-141.41,18.60,0.08,0.00,37.19
13.9000,0.0117,0.0037,0.0014,0.0000,0.0080,-143.71,17.06,0.08,0.00,34.12
14.0000,0.0124,0.0038,0.0014,0.0000,0.0080,-146.22,16.09,0.08,0.00,32.18
14.1000,0.0129,0.0038,0.0014,0.0000,0.0080,-148.92,15.57,0.08,0.00,31.15
14.2000,0.0134,0.0038,0.0014,0.0000,0.0080,-150.77,15.04,0.08,0.00,30.07
14.3000,0.0139,0.0038,0.0014,0.0000,0.0080,-152.85,14.45,0.08,0.00,28.90
14.4000,0.0145,0.0038,0.0014,0.0000,0.0080,-154.83,13.92,0.08,0.00,27.84
14.5000,0.0150,0.0038,0.0014,0.0000,0.0080,-155.46,13.46,0.08,0.00,26.92
14.6000,0.0157,0.0038,0.0014,0.0000,0.0081,-155.55,12.86,0.08,0.00,25.73
14.7000,0.0166,0.0038,0.0014,0.0000,0.0081,-156.30,12.19,0.08,0.00,24.38
14.8000,0.0174,0.0038,0.0015,0.0000,0.0081,-158.35,11.68,0.08,0.00,23.35
14.9000,0.0179,0.0038,0.0015,0.0000,0.0081,-160.46,11.33,0.08,0.00,22.65
15.0000,0.0186,0.0038,0.0015,0.0000,0.0081,-162.12,10.93,0.08,0.00,21.86
15.1000,0.0191,0.0038,0.0015,0.0000,0.0081,-164.89,10.65,0.09,0.00,21.29
15.2000,0.0192,0.0038,0.0015,0.0000,0.0081,-167.26,10.57,0.09,0.00,21.15
15.3000,0.0195,0.0038,0.0015,0.0000,0.0081,-168.43,10.43,0.09,0.00,20.87
15.4000,0.0199,0.0038,0.0015,0.0000,0.0082,-169.49,10.25,0.09,0.00,20.49
15.5000,0.0205,0.0038,0.0015,0.0000,0.0082,-170.66,9.95,0.09,0.00,19.89
15.6000,0.0210,0.0038,0.0015,0.0000,0.0082,-171.62,9.73,0.09,0.00,19.46
15.7000,0.0216,0.0038,0.0015,0.0000,0.0082,-171.82,9.44,0.09,0.00,18.87
15.8000,0.0226,0.0038,0.0016,0.0000,0.0082,-172.60,9.03,0.09,0.00,18.05
15.9000,0.0238,0.0038,0.0016,0.0000,0.0082,-173.49,8.61,0.09,0.00,17.22
16.0000,0.0249,0.0038,0.0016,0.0000,0.0082,-174.91,8.22,0.09,0.00,16.45
16.1000,0.0261,0.0038,0.0016,0.0000,0.0082,-176.63,7.85,0.09,0.00,15.71
16.2000,0.0271,0.0038,0.0016,0.0000,0.0082,-178.86,7.56,0.09,0.00,15.13
16.3000,0.0279,0.0038,0.0016,0.0000,0.0083,178.36,7.35,0.09,0.00,14.71
16.4000,0.0287,0.0038,0.0016,0.0000,0.0083,175.80,7.17,0.09,0.00,14.34
16.5000,0.0292,0.0038,0.0016,0.0000,0.0083,172.87,7.04,0.09,0.00,14.08
16.6000,0.0297,0.0038,0.0016,0.0000,0.0083,170.23,6.92,0.09,0.00,13.85
16.7000,0.0302,0.0038,0.0017,0.0000,0.0083,167.97,6.81,0.10,0.00,13.61
16.8000,0.0310,0.0038,0.0017,0.0000,0.0083,165.48,6.65,0.10,0.00,13.31
16.9000,0.0316,0.0038,0.0017,0.0000,0.0083,162.77,6.53,0.10,0.00,13.06
17.0000,0.0320,0.0038,0.0017,0.0000,0.0084,160.14,6.44,0.10,0.00,12.88
17.1000,0.0326,0.0038,0.0017,0.0000,0.0084,158.03,6.33,0.10,0.00,12.66
17.2000,0.0334,0.0038,0.0017,0.0000,0.0084,155.67,6.18,0.10,0.00,12.37
17.3000,0.0337,0.0038,0.0017,0.0000,0.0084,153.10,6.14,0.10,0.00,12.27
17.4000,0.0336,0.0038,0.0017,0.0000,0.0084,150.68,6.14,0.10,0.00,12.29
17.5000,0.0338,0.0038,0.0018,0.0000,0.0084,149.08,6.12,0.10,0.00,12.24
17.6000,0.0341,0.0038,0.0018,0.0000,0.0084,147.33,6.06,0.10,0.00,12.12
17.7000,0.0343,0.0038,0.0018,0.0000,0.0085,145.19,6.03,0.10,0.00,12.06
17.8000,0.0340,0.0038,0.0018,0.0000,0.0085,143.26,6.09,0.10,0.00,12.18
17.9000,0.0343,0.0038,0.0018,0.0000,0.0085,141.34,6.04,0.10,0.00,12.09
18.0000,0.0348,0.0038,0.0018,0.0000,0.0085,138.90,5.95,0.10,0.00,11.90
18.1000,0.0352,0.0038,0.0018,0.0000,0.0085,135.71,5.89,0.10,0.00,11.79
18.2000,0.0351,0.0038,0.0018,0.0000,0.0085,133.39,5.90,0.11,0.00,11.80
18.3000,0.0353,0.0038,0.0019,0.0000,0.0085,131.57,5.88,0.11,0.00,11.77
18.4000,0.0356,0.0038,0.0019,0.0000,0.0086,129.26,5.82,0.11,0.00,11.65
18.5000,0.0357,0.0039,0.0019,0.0000,0.0086,126.68,5.81,0.11,0.00,11.62
18.6000,0.0356,0.0039,0.0019,0.0000,0.0086,124.68,5.82,0.11,0.00,11.65
18.7000,0.0360,0.0039,0.0019,0.0000,0.0086,123.34,5.77,0.11,0.00,11.55
18.8000,0.0365,0.0039,0.0019,0.0000,0.0086,121.42,5.69,0.11,0.00,11.39
18.9000,0.0368,0.0039,0.0019,0.0000,0.0086,119.35,5.65,0.11,0.00,11.30
19.0000,0.0368,0.0039,0.0019,0.0000,0.0086,116.84,5.65,0.11,0.00,11.30
19.1000,0.0371,0.0039,0.0020,0.0000,0.0087,114.25,5.60,0.11,0.00,11.21
19.2000,0.0374,0.0039,0.0020,0.0000,0.0087,111.28,5.57,0.11,0.00,11.14
19.3000,0.0375,0.0039,0.0020,0.0000,0.0087,108.06,5.55,0.11,0.00,11.10
19.4000,0.0372,0.0039,0.0020,0.0000,0.0087,105.23,5.61,0.11,0.00,11.21
19.5000,0.0366,0.0039,0.0020,0.0000,0.0087,102.50,5.69,0.12,0.00,11.39
19.6000,0.0361,0.0039,0.0020,0.0000,0.0087,99.85,5.77,0.12,0.00,11.53
19.7000,0.0356,0.0039,0.0020,0.0000,0.0088,97.23,5.85,0.12,0.00,11.71
19.8000,0.0351,0.0039,0.0021,0.0000,0.0088,94.77,5.94,0.12,0.00,11.88
19.9000,0.0345,0.0039,0.0021,0.0000,0.0088,92.87,6.03,0.12,0.00,12.07
20.0000,0.0343,0.0039,0.0021,0.0000,0.0088,91.10,6.08,0.12,0.00,12.17
20.1000,0.0341,0.0039,0.0021,0.0000,0.0088,88.92,6.11,0.12,0.00,12.22
20.2000,0.0339,0.0039,0.0021,0.0000,0.0089,86.24,6.14,0.12,0.00,12.29
20.3000,0.0337,0.0039,0.0021,0.0000,0.0089,83.61,6.19,0.12,0.00,12.39
20.4000,0.0334,0.0039,0.0021,0.0000,0.0089,81.35,6.25,0.12,0.00,12.49
20.5000,0.0333,0.0039,0.0022,0.0000,0.0089,78.45,6.27,0.12,0.00,12.55
20.6000,0.0331,0.0039,0.0022,0.0000,0.0089,75.14,6.31,0.12,0.00,12.63
20.7000,0.0325,0.0039,0.0022,0.0000,0.0089,71.88,6.42,0.13,0.00,12.85
20.8000,0.0321,0.0039,0.0022,0.0000,0.0090,69.28,6.50,0.13,0.00,13.00
20.9000,0.0320,0.0039,0.0022,0.0000,0.0090,65.99,6.53,0.13,0.00,13.06
21.0000,0.0316,0.0039,0.0022,0.0000,0.0090,62.17,6.61,0.13,0.00,13.22
21.1000,0.0309,0.0039,0.0022,0.0000,0.0090,57.85,6.76,0.13,0.00,13.53
21.2000,0.0303,0.0039,0.0023,0.0000,0.0090,54.35,6.89,0.13,0.00,13.78
21.3000,0.0299,0.0039,0.0023,0.0000,0.0091,50.92,6.98,0.13,0.00,13.95
21.4000,0.0294,0.0039,0.0023,0.0000,0.0091,47.08,7.11,0.13,0.00,14.21
21.5000,0.0281,0.0039,0.0023,0.0000,0.0091,43.10,7.42,0.13,0.00,14.84
21.6000,0.0269,0.0039,0.0023,0.0000,0.0091,40.08,7.75,0.13,0.00,15.50
21.7000,0.0262,0.0039,0.0023,0.0000,0.0091,37.57,7.95,0.13,0.00,15.91
21.8000,0.0258,0.0039,0.0024,0.0000,0.0092,33.74,8.09,0.14,0.00,16.18
21.9000,0.0247,0.0039,0.0024,0.0000,0.0092,30.35,8.43,0.14,0.00,16.86
22.0000,0.0233,0.0039,0.0024,0.0000,0.0092,28.13,8.94,0.14,0.00,17.88
22.1000,0.0227,0.0039,0.0024,0.0000,0.0092,25.54,9.19,0.14,0.00,18.38
22.2000,0.0218,0.0039,0.0024,0.0000,0.0092,20.05,9.52,0.14,0.00,19.05
22.3000,0.0209,0.0039,0.0024,0.0000,0.0093,13.41,9.94,0.14,0.00,19.89
22.4000,0.0199,0.0039,0.0025,0.0000,0.0093,7.08,10.42,0.14,0.00,20.84
22.5000,0.0193,0.0039,0.0025,0.0000,0.0093,1.22,10.74,0.14,0.00,21.48
22.6000,0.0181,0.0039,0.0025,0.0000,0.0093,-3.79,11.47,0.14,0.00,22.94
22.7000,0.0162,0.0039,0.0025,0.0000,0.0093,-6.47,12.76,0.14,0.00,25.52
22.8000,0.0149,0.0039,0.0025,0.0000,0.0094,-6.88,13.87,0.14,0.00,27.74
22.9000,0.0141,0.0039,0.0025,0.0000,0.0094,-6.56,14.59,0.15,0.00,29.19
23.0000,0.0134,0.0039,0.0026,0.0000,0.0094,-7.10,15.40,0.15,0.00,30.81
23.1000,0.0124,0.0039,0.0026,0.0000,0.0094,-9.37,16.58,0.15,0.00,33.17
23.2000,0.0114,0.0040,0.0026,0.0000,0.0095,-11.20,17.94,0.15,0.00,35.89
23.3000,0.0107,0.0040,0.0026,0.0000,0.0095,-13.61,19.09,0.15,0.00,38.17
23.4000,0.0105,0.0040,0.0026,0.0000,0.0095,-17.20,19.43,0.15,0.00,38.85
23.5000,0.0106,0.0040,0.0027,0.0000,0.0095,-22.84,19.19,0.15,0.00,38.38
23.6000,0.0116,0.0040,0.0027,0.0000,0.0096,-29.27,17.69,0.15,0.00,35.39
23.7000,0.0146,0.0040,0.0027,0.0000,0.0096,-38.73,14.15,0.15,0.00,28.30
23.8000,0.0222,0.0040,0.0027,0.0000,0.0096,-53.67,9.43,0.16,0.00,18.86
23.9000,0.0281,0.0040,0.0027,0.0000,0.0096,-73.55,7.47,0.16,0.00,14.95
24.0000,0.0246,0.0040,0.0027,0.0000,0.0097,-88.71,8.54,0.16,0.00,17.07
24.1000,0.0200,0.0040,0.0028,0.0000,0.0097,-99.50,10.42,0.16,0.00,20.84
24.2000,0.0176,0.0040,0.0028,0.0000,0.0097,-107.16,11.82,0.16,0.00,23.65
24.3000,0.0168,0.0040,0.0028,0.0000,0.0097,-113.31,12.39,0.16,0.00,24.77
24.4000,0.0171,0.0040,0.0028,0.0000,0.0098,-120.34,12.17,0.16,0.00,24.34
24.5000,0.0175,0.0040,0.0028,0.0000,0.0098,-127.77,11.88,0.16,0.00,23.77
24.6000,0.0179,0.0040,0.0029,0.0000,0.0098,-133.66,11.62,0.16,0.00,23.25
24.7000,0.0192,0.0040,0.0029,0.0000,0.0098,-137.48,10.91,0.17,0.00,21.82
24.8000,0.0209,0.0040,0.0029,0.0000,0.0099,-143.30,10.02,0.17,0.00,20.05
24.9000,0.0225,0.0040,0.0029,0.0000,0.0099,-150.31,9.34,0.17,0.00,18.69
25.0000,0.0234,0.0040,0.0029,0.0000,0.0099,-154.19,8.99,0.17,0.00,17.98
25.1000,0.0244,0.0040,0.0030,0.0000,0.0099,-160.16,8.62,0.17,0.00,17.25
25.2000,0.0254,0.0040,0.0030,0.0000,0.0100,-164.57,8.28,0.17,0.00,16.57
25.3000,0.0260,0.0040,0.0030,0.0000,0.0100,-169.50,8.11,0.17,0.00,16.22
25.4000,0.0250,0.0040,0.0030,0.0000,0.0100,-171.37,8.43,0.17,0.00,16.86
25.5000,0.0251,0.0040,0.0030,0.0000,0.0101,-170.42,8.39,0.17,0.00,16.78
25.6000,0.0267,0.0040,0.0031,0.0000,0.0101,-171.82,7.90,0.18,0.00,15.80
25.7000,0.0280,0.0040,0.0031,0.0000,0.0101,-176.08,7.53,0.18,0.00,15.06
25.8000,0.0289,0.0040,0.0031,0.0000,0.0101,-179.15,7.31,0.18,0.00,14.63
25.9000,0.0305,0.0040,0.0031,0.0000,0.0102,178.51,6.95,0.18,0.00,13.90
26.0000,0.0325,0.0040,0.0032,0.0000,0.0102,175.32,6.52,0.18,0.00,13.05
26.1000,0.0341,0.0040,0.0032,0.0000,0.0102,171.71,6.23,0.18,0.00,12.47
26.2000,0.0351,0.0040,0.0032,0.0000,0.0103,168.54,6.06,0.18,0.00,12.13
26.3000,0.0362,0.0040,0.0032,0.0000,0.0103,166.02,5.88,0.18,0.00,11.76
26.4000,0.0376,0.0040,0.0032,0.0000,0.0103,163.53,5.67,0.19,0.00,11.34
26.5000,0.0390,0.0040,0.0033,0.0000,0.0104,161.00,5.47,0.19,0.00,10.95
26.6000,0.0401,0.0040,0.0033,0.0000,0.0104,158.85,5.34,0.19,0.00,10.68
26.7000,0.0412,0.0040,0.0033,0.0000,0.0104,157.00,5.20,0.19,0.00,10.41
26.8000,0.0425,0.0040,0.0033,0.0000,0.0105,155.23,5.05,0.19,0.00,10.10
26.9000,0.0441,0.0040,0.0034,0.0000,0.0105,152.70,4.87,0.19,0.00,9.75
27.0000,0.0455,0.0040,0.0034,0.0000,0.0105,149.56,4.73,0.19,0.00,9.48
27.1000,0.0462,0.0040,0.0034,0.0000,0.0106,146.59,4.67,0.20,0.00,9.34
27.2000,0.0474,0.0040,0.0034,0.0000,0.0106,144.29,4.55,0.20,0.00,9.12
27.3000,0.0486,0.0040,0.0035,0.0000,0.0106,141.71,4.45,0.20,0.00,8.90
27.4000,0.0494,0.0040,0.0035,0.0000,0.0107,139.01,4.38,0.20,0.00,8.77
27.5000,0.0495,0.0040,0.0035,0.0000,0.0107,136.60,4.38,0.20,0.00,8.76
27.6000,0.0499,0.0040,0.0035,0.0000,0.0107,135.19,4.34,0.20,0.00,8.69
27.7000,0.0508,0.0040,0.0035,0.0000,0.0108,133.53,4.27,0.20,0.00,8.55
27.8000,0.0517,0.0040,0.0036,0.0000,0.0108,130.82,4.20,0.20,0.00,8.41
27.9000,0.0519,0.0040,0.0036,0.0000,0.0108,128.63,4.19,0.21,0.00,8.38
28.0000,0.0528,0.0040,0.0036,0.0000,0.0109,126.85,4.12,0.21,0.00,8.25
28.1000,0.0544,0.0040,0.0036,0.0000,0.0109,124.80,4.01,0.21,0.00,8.04
28.2000,0.0554,0.0041,0.0037,0.0000,0.0109,121.53,3.94,0.21,0.00,7.90
28.3000,0.0556,0.0041,0.0037,0.0000,0.0110,118.65,3.93,0.21,0.00,7.88
28.4000,0.0561,0.0041,0.0037,0.0000,0.0110,116.74,3.90,0.21,0.00,7.81
28.5000,0.0573,0.0041,0.0037,0.0000,0.0111,114.49,3.82,0.21,0.00,7.66
28.6000,0.0579,0.0041,0.0038,0.0000,0.0111,111.43,3.79,0.22,0.00,7.59
28.7000,0.0578,0.0041,0.0038,0.0000,0.0111,109.00,3.80,0.22,0.00,7.61
28.8000,0.0581,0.0041,0.0038,0.0000,0.0112,107.43,3.78,0.22,0.00,7.58
28.9000,0.0594,0.0041,0.0039,0.0000,0.0112,105.48,3.71,0.22,0.00,7.43
29.0000,0.0602,0.0041,0.0039,0.0000,0.0112,102.69,3.66,0.22,0.00,7.34
29.1000,0.0600,0.0041,0.0039,0.0000,0.0113,99.63,3.68,0.22,0.00,7.37
29.2000,0.0601,0.0041,0.0039,0.0000,0.0113,97.03,3.67,0.23,0.00,7.36
29.3000,0.0609,0.0041,0.0040,0.0000,0.0114,94.21,3.63,0.23,0.00,7.27
29.4000,0.0615,0.0041,0.0040,0.0000,0.0114,90.85,3.60,0.23,0.00,7.22
29.5000,0.0610,0.0041,0.0040,0.0000,0.0114,87.98,3.63,0.23,0.00,7.27
29.6000,0.0608,0.0041,0.0040,0.0000,0.0115,86.05,3.64,0.23,0.00,7.30
29.7000,0.0607,0.0041,0.0041,0.0000,0.0115,84.21,3.65,0.23,0.00,7.31
29.8000,0.0605,0.0041,0.0041,0.0000,0.0116,81.81,3.66,0.24,0.00,7.33
29.9000,0.0601,0.0041,0.0041,0.0000,0.0116,79.71,3.69,0.24,0.00,7.39
30.0000,0.0596,0.0041,0.0042,0.0000,0.0117,78.22,3.72,0.24,0.00,7.45
30.1000,0.0590,0.0041,0.0042,0.0000,0.0117,77.22,3.75,0.24,0.00,7.51
30.2000,0.0583,0.0041,0.0042,0.0000,0.0118,75.66,3.79,0.24,0.00,7.60
30.3000,0.0575,0.0041,0.0042,0.0000,0.0118,73.47,3.85,0.24,0.00,7.71
30.4000,0.0566,0.0041,0.0043,0.0000,0.0118,70.83,3.90,0.24,0.00,7.82
30.5000,0.0564,0.0041,0.0043,0.0000,0.0119,68.51,3.92,0.25,0.00,7.85
30.6000,0.0564,0.0041,0.0043,0.0000,0.0119,66.48,3.92,0.25,0.00,7.86
30.7000,0.0560,0.0041,0.0044,0.0000,0.0120,64.41,3.95,0.25,0.00,7.91
30.8000,0.0555,0.0041,0.0044,0.0000,0.0120,62.24,3.98,0.25,0.00,7.98
30.9000,0.0547,0.0041,0.0044,0.0000,0.0121,60.68,4.03,0.25,0.00,8.09
31.0000,0.0549,0.0041,0.0045,0.0000,0.0121,59.38,4.02,0.26,0.00,8.06
31.1000,0.0552,0.0041,0.0045,0.0000,0.0122,57.14,4.00,0.26,0.00,8.02
31.2000,0.0542,0.0041,0.0045,0.0000,0.0122,54.85,4.08,0.26,0.00,8.17
31.3000,0.0533,0.0041,0.0045,0.0000,0.0123,52.91,4.14,0.26,0.00,8.30
31.4000,0.0537,0.0041,0.0046,0.0000,0.0123,51.04,4.11,0.26,0.00,8.24
31.5000,0.0538,0.0041,0.0046,0.0000,0.0124,46.54,4.11,0.26,0.00,8.24
31.6000,0.0527,0.0041,0.0046,0.0000,0.0124,41.24,4.19,0.27,0.00,8.40
31.7000,0.0503,0.0041,0.0047,0.0000,0.0125,37.54,4.38,0.27,0.00,8.78
31.8000,0.0490,0.0041,0.0047,0.0000,0.0125,35.42,4.49,0.27,0.00,8.99
31.9000,0.0483,0.0041,0.0047,0.0000,0.0126,32.67,4.55,0.27,0.00,9.12
32.0000,0.0465,0.0041,0.0048,0.0000,0.0126,30.01,4.72,0.27,0.00,9.45
32.1000,0.0444,0.0041,0.0048,0.0000,0.0127,29.04,4.94,0.28,0.00,9.89
32.2000,0.0440,0.0041,0.0048,0.0000,0.0127,28.69,4.98,0.28,0.00,9.97
32.3000,0.0435,0.0041,0.0049,0.0000,0.0128,26.19,5.03,0.28,0.00,10.08
32.4000,0.0418,0.0041,0.0049,0.0000,0.0128,23.40,5.23,0.28,0.00,10.48
32.5000,0.0403,0.0041,0.0049,0.0000,0.0129,22.83,5.41,0.28,0.00,10.83
32.6000,0.0400,0.0041,0.0050,0.0000,0.0129,21.81,5.46,0.29,0.00,10.93
32.7000,0.0393,0.0041,0.0050,0.0000,0.0130,19.70,5.55,0.29,0.00,11.12
32.8000,0.0370,0.0041,0.0050,0.0000,0.0131,17.92,5.88,0.29,0.00,11.78
32.9000,0.0354,0.0041,0.0051,0.0000,0.0131,17.35,6.14,0.29,0.00,12.29
33.0000,0.0346,0.0041,0.0051,0.0000,0.0132,15.91,6.28,0.29,0.00,12.58

