0.2 -8.69286389648959E-03 -1.59552609699085E-03 4.17483226818755E-02 6.94498290267343E-04 0.348168151714105 0.467352736068062 2.58686161211083E-02 -1.06284679265123E-02 -2.71818610442526E-04 -2.38194188306278E-03 -1.41584762015203E-03 -0.619773826061055 -0.785101523091033 0.626896083476513 16.4633931133825 -203.980370692066 -0.989941281672977 3.81789443449155E-04 0 0 0 0 0 0 0 0 0 0 0 0 0 0 0 0 0 0 0 0 0 0
0.4 5.65445799089693E-03 -1.67956103075254E-03 3.11426955089629E-03 -6.75455538313578E-02 0.514623220889992 0.606634979647268 2.97789062526775E-02 -4.14848556180469E-02 -1.31722456086382E-02 -1.22718349442684E-02 0.465701226322441 -0.707700420303582 -0.307667066201261 0.957077849632753 23.0263798505246 -102.240077769458 -0.989844379891383 6.78639450419374E-04 0 0 0 0 0 0 0 0 0 0 0 0 0 0 0 0 0 0 0 0 0 0
0.6 0.036453268758214 1.50331948861769E-02 7.8379026655228E-03 -5.96436164328317E-02 0.648883874459265 0.669896348387433 -1.84276875442289E-02 -4.07232235859088E-02 2.34545180485971E-02 -0.026063611318722 0.93044632755898 -0.346698310155872 0.253224641971594 0.974102732618262 24.1604915019795 -68.1994530378865 -0.99003966771207 1.65457053986881E-03 0 0 0 0 0 0 0 0 0 0 0 0 0 0 0 0 0 0 0 0 0 0
0.8 5.64761263242517E-02 4.96757583275229E-02 -1.5054866890517E-03 -2.02930425788077E-02 0.762320197855836 0.688152261299325 -1.02927101192717E-03 -1.63783663923597E-02 0.025729943340428 2.25149966628182E-02 1.0650081753947 0.286080717766357 0.732153372375426 0.680193157893096 24.079268872014 -51.8902293747825 -0.989796752698447 2.51351771529326E-03 0 0 0 0 0 0 0 0 0 0 0 0 0 0 0 0 0 0 0 0 0 0
1 3.62452756029753E-02 8.91564292363498E-02 -1.89992845128064E-02 -2.70102203844386E-02 0.822369005125372 0.72269279516679 3.80023574396484E-02 3.82221691657342E-03 2.03623167681264E-03 2.92407637764378E-02 0.756526737031365 0.894920165746297 0.993536602430033 0.153150484473501 24.2231657995365 -41.6571614740774 -0.989782539743582 2.71928004718691E-03 0 0 0 0 0 0 0 0 0 0 0 0 0 0 0 0 0 0 0 0 0 0
1.2 0.010709228740441 7.90685333669283E-02 -1.45538657847346E-02 -4.92684301868165E-02 0.876001819916953 0.696749860813854 4.05438101645515E-02 -3.90538021517857E-02 -2.47867579743184E-02 2.94615698194784E-02 8.38103716377791E-02 1.20650375504828 0.912949459101214 -0.401469737284105 24.1202570957529 -35.0500949118769 -0.989464462510044 3.65364812099313E-03 0 0 0 0 0 0 0 0 0 0 0 0 0 0 0 0 0 0 0 0 0 0
1.4 9.00436459304799E-03 5.36836011172447E-02 -3.48573543883474E-02 -3.22305731194999E-02 0.915444760635791 0.688422758501961 -2.21376243195165E-03 -4.76887261312793E-02 -4.87846993889204E-02 -3.87706514408783E-02 -0.681250038027867 1.02553107155326 0.551759020613169 -0.840372962824712 23.9289528962794 -30.309190155047 -0.989323744911162 4.28852495153946E-03 0 0 0 0 0 0 0 0 0 0 0 0 0 0 0 0 0 0 0 0 0 0
1.6 2.65298813166411E-02 4.41322860732683E-02 -4.79798792037984E-02 1.74529740185603E-02 0.909159184617133 0.674594830795085 -2.67280425249367E-02 -4.55108145836658E-02 0.03573856104074 -0.063692286566989 -1.15105747009468 0.395108073168288 2.66167781997454E-02 -1.00544341691241 23.810780309797 -26.7253910323486 -0.989271973943668 4.49026541228795E-03 0 0 0 0 0 0 0 0 0 0 0 0 0 0 0 0 0 0 0 0 0 0
1.8 2.88320221185401E-02 4.76724470369933E-02 -1.43230636176024E-02 -2.44339595367113E-03 0.926156011256317 0.661113291592786 1.93693197349316E-02 3.24006836783685E-03 5.31296463114036E-02 3.32216314508103E-02 -1.15412688780221 -0.413390877679647 -0.540168825368921 -0.848601488490549 23.6764405588505 -23.8948611582467 -0.989508226376701 5.34026130915302E-03 0 0 0 0 0 0 0 0 0 0 0 0 0 0 0 0 0 0 0 0 0 0
2 8.01510507193685E-03 5.45071160017161E-02 -9.44735590280376E-03 -3.74545324818926E-02 0.896378813254034 0.648864101428387 0.027511875396068 3.22101031573731E-02 -3.41836711821263E-02 5.27467772331066E-02 -0.630135710961711 -1.01339940528807 -0.904002322148247 -0.429009395862552 23.5601888365516 -21.6254907412799 -0.989379780096513 5.78905358470953E-03 0 0 0 0 0 0 0 0 0 0 0 0 0 0 0 0 0 0 0 0 0 0
2.2 1.17414157895878E-02 2.60525586855398E-02 -8.89369416005054E-03 -2.88780402013429E-04 0.883216742939448 0.656140174452952 2.69722860691544E-02 -1.98192132752246E-02 -4.32034088534678E-02 -3.68068897177598E-02 0.166647534339098 -1.16776648988326 -0.991024708795402 0.144728226747603 23.4569966464048 -19.7645748542453 -0.990439470059529 3.93784066478619E-03 0 0 0 0 0 0 0 0 0 0 0 0 0 0 0 0 0 0 0 0 0 0
2.4 3.36681506127819E-02 1.89909904282717E-02 -3.06534019468528E-03 3.56084006540002E-02 0.846953204333047 0.670875094250014 2.80548799660694E-02 -8.36408151400486E-03 3.01853946213457E-02 -2.83985852830338E-02 0.857038465127826 -0.773939083132539 -0.752978098432492 0.649160645196069 23.3666891329899 -18.2092704267056 -0.988996962906518 6.74268126210855E-03 0 0 0 0 0 0 0 0 0 0 0 0 0 0 0 0 0 0 0 0 0 0
2.6 5.98852689970421E-02 5.12693691359724E-02 -1.54126465009796E-02 -1.20955334185001E-02 0.807453518178291 0.716239381121465 -8.83457201811303E-04 -9.03149495812254E-03 3.76649887114547E-03 2.28933902438276E-02 1.14228075865973 -6.59041358754804E-02 -0.248324676629591 0.961997985219543 23.2882720959605 -16.8709882506533 -0.989369603905639 7.25166618089355E-03 0 0 0 0 0 0 0 0 0 0 0 0 0 0 0 0 0 0 0 0 0 0
2.8 4.11144508175275E-02 9.25852102398454E-02 -6.46305448744584E-03 -4.30421886510505E-02 0.7846661355367 0.736783638115431 4.49687456157558E-02 -7.52088806228915E-02 -1.09572802364569E-03 -3.95113143392526E-02 0.907903943123311 0.685949387063685 0.305533597696319 0.936510640200546 23.2384430497122 -15.7322387102094 -0.989209228983823 7.72140385019175E-03 0 0 0 0 0 0 0 0 0 0 0 0 0 0 0 0 0 0 0 0 0 0
3 -1.21823961074628E-02 9.60346987226677E-02 1.55971840296587E-02 -4.72864765310968E-04 0.767122005341544 0.772591188796619 5.49087029689083E-02 -5.46698743321766E-02 6.57490091281046E-02 3.04373594276092E-02 0.24686821247188 1.11262913632828 0.759937462047098 0.620764889525009 23.197893874273 -14.7323402185486 -0.990123469174549 7.09720454674259E-03 0 0 0 0 0 0 0 0 0 0 0 0 0 0 0 0 0 0 0 0 0 0
3.2 -3.50018207794758E-02 4.98588176874258E-02 1.84468554866746E-02 1.49755619688258E-02 0.757712474423628 0.792613104678071 1.54403650973398E-02 -8.61765987129606E-02 -6.38471355604803E-02 8.32873464111876E-02 -0.534784269605049 1.0119294628648 0.969589844686332 0.114265122801878 23.1631483476004 -13.9014518408184 -0.988905114570111 0.009235281335401 0 0 0 0 0 0 0 0 0 0 0 0 0 0 0 0 0 0 0 0 0 0
3.4 -5.1750554946462E-03 1.90134827397011E-02 -0.013984191356439 -3.79745116510595E-02 0.750387001313159 0.810446748981192 1.09814833210488E-02 -4.80297994167124E-02 -7.81616898728899E-02 -0.110269213753579 -1.0697576329314 0.435637156497022 0.876663352745398 -0.424285813200229 23.1094183879362 -13.150297657116 -0.98884880171086 9.30470783555505E-03 0 0 0 0 0 0 0 0 0 0 0 0 0 0 0 0 0 0 0 0 0 0
3.6 2.48450584981871E-02 2.89407696821274E-02 -3.24499538848945E-03 -7.28884737773017E-02 0.743461281392057 0.817840172769375 -1.46520063795386E-02 -4.42586861669816E-02 0.134120648396297 -5.75850390332913E-02 -1.10181142654381 -0.34796951171345 0.509008164768005 -0.828788823818356 23.066911362377 -12.4852617212827 -0.988679174237657 1.00446254485906E-02 0 0 0 0 0 0 0 0 0 0 0 0 0 0 0 0 0 0 0 0 0 0
3.8 4.29012613211095E-03 5.32700202816116E-02 1.08785551626795E-02 -3.21014238241263E-02 0.730484097067744 0.825927693518373 -2.45608294797723E-02 -0.103143300135197 4.00762031674411E-02 0.132574874502042 -0.624151961561298 -0.959243900274143 -1.75414613644426E-02 -0.971702336033092 23.0196089819393 -11.8913939033049 -0.988372060195019 0.010398446448582 0 0 0 0 0 0 0 0 0 0 0 0 0 0 0 0 0 0 0 0 0 0
4 -1.17022750287748E-02 3.12146611375011E-02 -2.09576639707686E-02 1.94719473953887E-02 0.708875629034987 0.827329711188421 -4.79072278535249E-02 -1.74097057111897E-02 -0.107962814941223 3.01385981748964E-02 0.13638086569053 -1.12879082460099 -0.537785251807849 -0.807023913893917 22.9815359985973 -11.3460618206174 -0.988496125449061 1.09964952718559E-02 0 0 0 0 0 0 0 0 0 0 0 0 0 0 0 0 0 0 0 0 0 0
4.2 -5.5707672280047E-03 -1.12423605649919E-02 -3.18938194270125E-02 0.015520777351942 0.684197931585701 0.827336910308358 4.55233398232433E-03 -1.19255769074961E-03 -2.80280939414785E-02 -7.24395305084451E-02 0.818774660372658 -0.76986216214984 -0.887809721858825 -0.38926570976934 22.9377600587784 -10.8599651312922 -0.988042517495336 1.11529237047407E-02 0 0 0 0 0 0 0 0 0 0 0 0 0 0 0 0 0 0 0 0 0 0
4.4 5.93841012869816E-02 -4.05758929268963E-03 4.87302922568329E-02 -3.29205720930562E-02 0.654441512093717 0.829075319593973 5.42580191301061E-02 -0.039842379833255 5.25582002863582E-02 -0.051004557032156 1.10445900950811 -6.36310005333795E-02 -0.958903460649936 0.153267376106846 22.8909654078294 -10.4115812694897 -0.988207012680523 1.13664383819708E-02 0 0 0 0 0 0 0 0 0 0 0 0 0 0 0 0 0 0 0 0 0 0
4.6 9.47034351239711E-02 4.14725956068926E-02 0.101759369713057 -7.64680472934087E-02 0.61849806124341 0.827566376458816 -1.40294741006178E-02 -6.08064118899646E-02 9.05340588951414E-02 3.89734809268507E-02 0.860073177392515 0.658093584973197 -0.722063424320743 0.643412726316701 22.8583928978746 -10.0060763121867 -0.987989254250261 1.21213983712307E-02 0 0 0 0 0 0 0 0 0 0 0 0 0 0 0 0 0 0 0 0 0 0
4.8 6.51156329163997E-02 0.103571830597554 2.29232536215321E-03 -8.53549409649355E-02 0.574299881409648 0.842668987976037 -4.44539579115619E-02 -7.09245002526393E-02 -6.31637581737008E-02 7.23967566890358E-02 0.216714465450676 1.04251185237954 -0.259598431358393 0.933543050534633 22.8340353351837 -9.62820100066209 -0.98777176135751 1.23577918316045E-02 0 0 0 0 0 0 0 0 0 0 0 0 0 0 0 0 0 0 0 0 0 0
5 7.29517354326177E-03 0.100183826742188 -7.59257563171765E-02 -7.92242845729769E-02 0.52825344883018 0.856658128950125 4.07041067747501E-03 -1.04939757376829E-02 -4.94350491252479E-02 -5.03118024338223E-02 -0.523724875085232 0.924955748284797 0.284073251359526 0.924156407661785 22.8129077720091 -9.27531897096717 -0.988079602568738 1.32474851046778E-02 0 0 0 0 0 0 0 0 0 0 0 0 0 0 0 0 0 0 0 0 0 0
5.2 -1.20368035444422E-02 3.14185176030373E-02 -1.55079329077105E-02 -6.01599033501879E-02 0.500241931902049 0.882418863246104 3.61790669114914E-02 -4.66929555464953E-02 5.22711877415613E-03 -1.15533150145195E-02 -1.00161023977269 0.354971585699479 0.739046235838016 0.623245822927129 22.7878152536137 -8.9635102895471 -0.987670481132792 1.34669880255596E-02 0 0 0 0 0 0 0 0 0 0 0 0 0 0 0 0 0 0 0 0 0 0
5.4 4.76993140257681E-02 8.9659017355736E-03 0.067095949164513 -4.28282851562526E-02 0.474061399126576 0.903020164166634 1.38250850908343E-02 -0.101765731787339 4.08548703612487E-02 -0.037705540746786 -0.992792350403511 -0.385163545733038 0.961208340903025 0.126398118266107 22.7615890544846 -8.67821031260293 -0.987499185484691 1.39840793981347E-02 0 0 0 0 0 0 0 0 0 0 0 0 0 0 0 0 0 0 0 0 0 0
5.6 0.111940117370686 6.50651927052823E-02 0.016991305203787 -6.21913619695286E-02 0.448635184753214 0.923911758379211 -1.42702835233475E-02 -2.46987076827834E-02 0.105171490982046 8.22565287220953E-02 -0.506190169881794 -0.950098633027718 0.87642193081543 -0.413919937782348 22.7384744616415 -8.40293230101586 -0.987643700526363 1.44530344534168E-02 0 0 0 0 0 0 0 0 0 0 0 0 0 0 0 0 0 0 0 0 0 0
5.8 8.07714781695667E-02 0.172888594850208 -6.51385562386926E-02 -0.128925569922905 0.416882213710535 0.928014780110715 3.79281992226789E-03 -7.03604817132383E-02 -0.145615287194643 0.107900009816765 0.224233627445888 -1.05766650776365 0.512054857688478 -0.823149352674092 22.7136504408666 -8.14454993485672 -0.987696540822771 0.014944033035145 0 0 0 0 0 0 0 0 0 0 0 0 0 0 0 0 0 0 0 0 0 0
6 -1.50444176196466E-02 0.249655994149915 -8.54568936903676E-02 -0.152338483010303 0.403557446125083 0.925366315427173 -3.57212843285592E-02 -9.94145526068581E-02 -7.78289663734362E-02 -0.18552609476091 0.844736924356299 -0.665563633324732 -1.49702083709475E-02 -0.968132194269719 22.693997539086 -7.90469397411433 -0.987678145978024 1.60219231677132E-02 0 0 0 0 0 0 0 0 0 0 0 0 0 0 0 0 0 0 0 0 0 0
6.2 -0.160633784762272 0.189586232579014 -0.106492116370856 1.20994166738237E-02 0.363592621745097 0.946148171936108 -8.61129507754404E-02 -5.21570850170118E-02 0.18719239368171 -4.10797689901786E-02 1.06512137069097 4.14934355620832E-02 -0.536229088035183 -0.807719539314074 22.6653355475641 -7.68052299913381 -0.988046734392338 1.62140040001692E-02 0 0 0 0 0 0 0 0 0 0 0 0 0 0 0 0 0 0 0 0 0 0
6.4 -0.20098949076735 6.03516514866867E-02 -6.64428102277372E-02 9.24129974576931E-02 0.334732167330925 0.943938588373597 -1.97852268193606E-02 -4.31416399012294E-02 1.45211554373685E-02 0.15658748308337 0.794563853816106 0.715084549883102 -0.890121238400107 -0.385268918647871 22.6430780983694 -7.47145054374324 -0.987827714869789 0.016981290863335 0 0 0 0 0 0 0 0 0 0 0 0 0 0 0 0 0 0 0 0 0 0
6.6 -0.148718973167585 -6.45171340739668E-02 1.40827041832686E-02 -2.87230929745286E-03 0.320634321522558 0.950349600505807 -4.72654621419809E-03 -2.80598636385412E-02 -0.11500687205546 0.009502037157054 0.139868536187001 1.04619460571388 -0.956679388133858 0.152534025581094 22.6228190655697 -7.27588054966078 -0.988104867578389 1.75648876792429E-02 0 0 0 0 0 0 0 0 0 0 0 0 0 0 0 0 0 0 0 0 0 0
6.8 -2.95320175938979E-02 -0.101395943143966 4.20820796047801E-02 -0.061448875880916 0.284670989036076 0.946946585878337 6.07904204991512E-03 -3.80567107898481E-02 -1.06117304322108E-02 -8.08575047108014E-02 -0.565616988311987 0.875607579422787 -0.71842970542159 0.649688652305623 22.6020041658011 -7.08719625088466 -0.98824664876429 1.79789890864848E-02 0 0 0 0 0 0 0 0 0 0 0 0 0 0 0 0 0 0 0 0 0 0
7 4.62602605359288E-02 -3.53297203571027E-02 -7.91105068779853E-03 -9.67246849350041E-03 0.245640275733846 0.943717426504446 -3.27225082780036E-02 -0.060138009754556 6.35678888967691E-02 -2.31254805280227E-02 -0.985335881061656 0.290625125114465 -0.255622418161246 0.934961631096683 22.5841346720835 -6.90954053639499 -0.988175537531408 1.85437022751646E-02 0 0 0 0 0 0 0 0 0 0 0 0 0 0 0 0 0 0 0 0 0 0
7.2 2.90117773445146E-02 9.54523939075772E-03 -3.78368014196982E-03 5.05725149052847E-03 0.189585683851959 0.948171090175311 -4.53324119542212E-02 -2.96169126660409E-02 2.19229628024868E-02 0.035358488824544 -0.934317103148399 -0.406172930642899 0.30839154555639 0.919966133478132 22.5648846718526 -6.74485849841252 -0.98804860865437 1.94825591572047E-02 0 0 0 0 0 0 0 0 0 0 0 0 0 0 0 0 0 0 0 0 0 0
7.4 1.66717673435154E-02 -4.25746845759493E-03 5.45236871856405E-02 -3.19028016014866E-02 0.147905665624829 0.956773160279969 3.01716464997937E-02 -6.63003496827554E-02 -9.37081105610021E-03 3.33264705035481E-02 -0.440936382553177 -0.922131667477966 0.755858677597781 0.608781938363972 22.5455099123026 -6.58795096523715 -0.988152114179084 1.96184560454311E-02 0 0 0 0 0 0 0 0 0 0 0 0 0 0 0 0 0 0 0 0 0 0
7.6 5.52818874236247E-02 -2.19840240737697E-02 6.57170377795546E-02 6.21953803555749E-03 0.117733942515549 0.966420777398424 -2.93333568075664E-02 -0.129468655743411 -0.046525112230326 4.04599365314592E-03 0.271468518014294 -0.981171799636976 0.965052475449506 0.10035093607291 22.5259716609627 -6.44095734198075 -0.987929246536756 2.02891910250065E-02 0 0 0 0 0 0 0 0 0 0 0 0 0 0 0 0 0 0 0 0 0 0
7.8 0.141778056211457 5.75203704357848E-02 0.081303957915261 -0.066362233577952 0.080945975872121 0.978185300760549 -5.33763768631922E-02 -2.92440984189921E-02 -1.09816301741221E-02 -5.02145335484076E-02 0.864225149594695 -0.568997235254903 0.866544706322092 -0.434578782597437 22.5063298817287 -6.30036894481712 -0.988113494578532 2.04170249661839E-02 0 0 0 0 0 0 0 0 0 0 0 0 0 0 0 0 0 0 0 0 0 0
8 0.116308171349409 0.210366202093728 8.14798772255328E-02 -0.182505036341891 5.48554347545128E-02 0.973824613051254 2.12270021004829E-02 0.011990196789984 2.32028668485322E-02 -1.82205385508878E-02 1.03955800757535 0.126636617548186 0.487227755040041 -0.835258035026038 22.4813793974083 -6.16662695189043 -0.98822651547596 0.020602171925262 0 0 0 0 0 0 0 0 0 0 0 0 0 0 0 0 0 0 0 0 0 0
8.2 -3.19743771584276E-02 0.279953251944511 6.31140179945772E-02 -0.14752648403898 3.30974275482414E-02 0.990760051158673 4.63607443453507E-03 -6.93262910677763E-02 3.13498181722888E-02 1.24386249411235E-03 0.723370586022631 0.771197750403621 -3.19702358703304E-02 -0.96354710505248 22.4566524787427 -6.03330250252978 -0.988285878298075 2.09414583562769E-02 0 0 0 0 0 0 0 0 0 0 0 0 0 0 0 0 0 0 0 0 0 0
8.4 -0.170120736657327 0.207249495558863 -8.98477686305713E-03 -0.130476641269762 5.77121979020088E-03 0.995950946586385 -7.09414150834252E-03 -5.39411985256619E-03 4.31522032320447E-03 8.00834247709399E-02 6.54804857529015E-02 1.05849648584041 -0.556759678916711 -0.789059134084495 22.4425294724465 -5.90591063411731 -0.988541326991334 2.13700289785778E-02 0 0 0 0 0 0 0 0 0 0 0 0 0 0 0 0 0 0 0 0 0 0
8.6 -0.180695186165118 3.83961401075642E-02 -6.44308801536334E-02 -0.185452714381113 -1.36215899757661E-02 0.978561715706737 6.68486781794162E-06 -5.03743218638447E-02 -0.111533087903268 -0.033262170489084 -0.621343984635991 0.85491697131642 -0.887705136825253 -0.372689222506884 22.428126997138 -5.78368551238496 -0.988560270059088 2.21262855932785E-02 0 0 0 0 0 0 0 0 0 0 0 0 0 0 0 0 0 0 0 0 0 0
8.8 -1.53121870638891E-02 -1.85404503571997E-02 -1.14672001821476E-02 -0.146038251189176 -3.33304448992106E-02 0.979380535435018 8.15819894127819E-03 -0.115566685014652 4.87944495411269E-02 -0.140136787067656 -1.01257265214117 0.258009657073294 -0.946096773275609 0.178399676231836 22.414998398841 -5.67093605434823 -0.988916013559707 2.24857956314228E-02 0 0 0 0 0 0 0 0 0 0 0 0 0 0 0 0 0 0 0 0 0 0
9 4.14437967096298E-02 0.111096310361224 6.0768178169381E-03 -6.15861470935465E-02 -5.47437277321915E-02 0.97185008436908 -3.54314268651962E-02 -3.30255221791845E-02 0.124176489900393 8.69175319779359E-02 -0.927052030694294 -0.45753166645973 -0.707533032135468 0.658613812461243 22.4045065003285 -5.56222221614066 -0.988967866267901 2.37384501949105E-02 0 0 0 0 0 0 0 0 0 0 0 0 0 0 0 0 0 0 0 0 0 0
9.2 -5.69359450439287E-02 0.23139449526861 -0.039743154798426 -0.158787117161633 -8.76136600505284E-02 0.941434418259774 -8.63585387486758E-03 -0.072353698908065 -9.75577433084129E-02 6.16763612591731E-02 -0.409448613477591 -0.935975888696979 -0.236915032663816 0.940051070710642 22.3917000681377 -5.46121537985466 -0.988874903462451 2.41496216045613E-02 0 0 0 0 0 0 0 0 0 0 0 0 0 0 0 0 0 0 0 0 0 0
9.4 -0.187072097514176 0.102544902513026 -0.109844511776482 -0.184656575694847 -0.113705203080228 0.910436218011912 5.92475687592506E-03 7.14209137173261E-03 6.27398041366781E-03 -6.80751139659191E-02 0.294284764428859 -0.964897317492315 0.313073975246617 0.913450917418654 22.3808024064635 -5.36459698635459 -0.988942272530748 0.024850695454284 0 0 0 0 0 0 0 0 0 0 0 0 0 0 0 0 0 0 0 0 0 0
9.6 -0.16843140082035 -5.24611760573255E-02 -8.00521322184314E-02 -0.030540776136462 -0.171403506852002 0.916472284781975 6.39275689355956E-02 -4.89723291169186E-02 -0.033237970806651 5.00454684315942E-02 0.843248314053732 -0.536019518658118 0.753025864673518 0.601292709198176 22.3687857834135 -5.27090213997796 -0.988586456435221 2.55155629233269E-02 0 0 0 0 0 0 0 0 0 0 0 0 0 0 0 0 0 0 0 0 0 0
9.8 -3.03306039300006E-02 -5.81932760915347E-02 -2.48517187700078E-02 5.43473742289661E-02 -0.203516707266505 0.904964739825401 4.36968442389556E-02 -0.180500668554981 -1.16918873102169E-02 -9.80925603675441E-02 0.974795069287281 0.141472407922935 0.963112842649788 9.52892248589597E-02 22.3581844801162 -5.17734634727023 -0.989063182349819 2.64169599207111E-02 0 0 0 0 0 0 0 0 0 0 0 0 0 0 0 0 0 0 0 0 0 0
10 3.53451783217957E-02 7.16620126364748E-02 1.15291258240301E-02 -6.51541184003491E-02 -0.229110328768907 0.909508376867345 -8.19371975475115E-02 -0.102129200842335 0.126766295326436 3.34655919082802E-02 0.638517413438803 0.75938569075419 0.861698211318021 -0.444410782093149 22.3459384763443 -5.09358116588667 -0.98857724231177 2.65560674765305E-02 0 0 0 0 0 0 0 0 0 0 0 0 0 0 0 0 0 0 0 0 0 0
10.2 -4.83992454490497E-02 0.173710977592237 6.76000830488843E-02 -0.155183192910336 -0.249166430180762 0.891059652513817 -4.87523639563038E-02 -5.10922105831388E-02 -0.113627421619928 0.115888508216723 -4.19279011981668E-03 1.00601341284762 0.483039701069366 -0.840734269844971 22.3313240995552 -5.01237252637166 -0.988682999591749 2.70037241213063E-02 0 0 0 0 0 0 0 0 0 0 0 0 0 0 0 0 0 0 0 0 0 0
10.4 -0.186077352880315 0.113973807899503 6.01426789329038E-02 -0.118741731644514 -0.27483175683164 0.899788351924011 -2.92548234714986E-02 -0.020748570531105 -3.34483754492053E-02 -0.106802147629217 -0.65374244956652 0.770761681982866 -4.64031435465325E-02 -0.965824776043473 22.3216283102679 -4.93361395829692 -0.988465464819812 2.76498910954922E-02 0 0 0 0 0 0 0 0 0 0 0 0 0 0 0 0 0 0 0 0 0 0
10.6 -0.18474143629041 7.53937009109842E-03 -2.63703192702223E-02 -0.132140749175956 -0.306557496704629 0.878237393305929 -2.65379121200492E-03 -7.6559978848553E-03 3.11258839348305E-02 9.04392735298828E-03 -1.00166075052151 0.174586282649812 -0.566027468952362 -0.787193770047732 22.309865311409 -4.85712260072552 -0.988675850986787 0.028033051111934 0 0 0 0 0 0 0 0 0 0 0 0 0 0 0 0 0 0 0 0 0 0
10.8 -9.58353763149996E-02 -4.57381317143141E-02 -8.17215896722931E-02 -0.164330731490584 -0.322604740894206 0.863550028909203 7.94353961210966E-02 -0.052363571240358 -2.85753858842908E-02 -3.83156615296635E-02 -0.882595096678575 -0.498612335274018 -0.907235982247453 -0.356186045020774 22.2973742452451 -4.78365033718694 -0.988297392829158 0.029261571843652 0 0 0 0 0 0 0 0 0 0 0 0 0 0 0 0 0 0 0 0 0 0
11 -4.97058269931607E-02 3.00059435056614E-02 9.28784224485017E-03 -0.151172220279812 -0.338053065345088 0.854090228155784 3.26693416197212E-02 -0.130068021901336 0.116817110761081 5.64949561137949E-02 -0.354174346399511 -0.934737914642585 -0.951780504095971 0.196944351154337 22.28364779773 -4.71310251754439 -0.987737895510202 2.95615249771943E-02 0 0 0 0 0 0 0 0 0 0 0 0 0 0 0 0 0 0 0 0 0 0
11.2 -0.128747024937433 4.91486025173551E-02 6.44107523282945E-03 -0.112248078298061 -0.35081097828711 0.845058120284853 5.63911864135214E-02 -0.139799497851207 -0.102100155522264 0.146446889557215 0.309064526099299 -0.937219745193921 -0.693826047512544 0.683431380997057 22.2715684488395 -4.64231212196184 -0.987250992619486 3.03629611421903E-02 0 0 0 0 0 0 0 0 0 0 0 0 0 0 0 0 0 0 0 0 0 0
11.4 -0.146462697555421 4.25335589147861E-03 -8.95625569801596E-02 -0.126107806224384 -0.375129989733694 0.80199486486705 -3.55702422256504E-02 -0.156994262825034 -9.31595197492372E-02 -0.211844962880271 0.825985669084383 -0.493579597928526 -0.205252661673605 0.943723510952137 22.263810453965 -4.5701977842433 -0.9880327506397 3.03117419369886E-02 0 0 0 0 0 0 0 0 0 0 0 0 0 0 0 0 0 0 0 0 0 0
11.6 -0.12249869705288 -2.89953276484995E-02 -9.06187752599044E-02 -0.214073477483321 -0.38148774994351 0.77241364091938 -7.64082912505491E-02 -1.68784346887816E-02 0.165763102210961 2.40457772824325E-02 0.934451419451901 0.172678626869201 0.337364198795491 0.907759629892761 22.2556552765118 -4.50569883406635 -0.989078851620328 3.00763057871167E-02 0 0 0 0 0 0 0 0 0 0 0 0 0 0 0 0 0 0 0 0 0 0
11.8 -7.72525638286967E-02 -0.020471314507591 -2.63671629370061E-02 -0.185697262958086 -0.410497943367767 0.751193893476295 6.48143191162478E-02 -0.04880748946163 -0.02945636997833 0.096005896835867 0.597594959823964 0.724266648874636 0.782085152081984 0.574185405135094 22.2433442881466 -4.44672564311094 -0.987999891435936 3.17081479642816E-02 0 0 0 0 0 0 0 0 0 0 0 0 0 0 0 0 0 0 0 0 0 0
12 -0.102645180655648 -1.36303240327245E-04 -9.36725591118742E-02 -9.65989029940797E-02 -0.456239195716382 0.722290490686253 1.50314187517497E-02 -0.169394675206904 1.92200062566026E-02 -1.72741696575018E-02 -2.30508309150361E-02 0.921236710556897 0.967478945197979 4.97699352154127E-02 22.2323039315395 -4.38313362066431 -0.98832979104213 3.19845462725932E-02 0 0 0 0 0 0 0 0 0 0 0 0 0 0 0 0 0 0 0 0 0 0
12.2 -0.112918294634811 -5.67085880094164E-02 -0.166027101671168 -6.13992891372071E-02 -0.496227381826819 0.688865330521449 -5.27778551884985E-02 -0.14904746887051 -6.19129925152705E-02 5.74643451802712E-02 -0.624725395519926 0.670844231306038 0.826164308779597 -0.482449643180242 22.2236392515956 -4.31898727557657 -0.988436633153503 3.24109186819442E-02 0 0 0 0 0 0 0 0 0 0 0 0 0 0 0 0 0 0 0 0 0 0
12.4 -6.50646638507058E-02 -8.56453510979824E-02 -0.072605223329474 -7.36580229833725E-02 -0.52662198639486 0.686683797598569 1.74491308859579E-02 -0.120356575398833 -7.91214250839841E-03 -0.169761383898102 -0.912539813953519 0.10733526048281 0.425116147180387 -0.848892431151384 22.2133962991093 -4.26548830437473 -0.988619614628716 3.35558102108002E-02 0 0 0 0 0 0 0 0 0 0 0 0 0 0 0 0 0 0 0 0 0 0
12.6 -0.037176526139922 -2.39273343300351E-02 3.97734951523037E-02 -0.112700747509717 -0.546326286826239 0.683655152281511 -0.095739986032683 -0.158230515608237 0.147298765630748 5.11258798146388E-02 -0.747691464025694 -0.513882501981054 -9.57298994184537E-02 -0.932491983372094 22.2010785474014 -4.20789599819343 -0.988853663308433 3.40099724579317E-02 0 0 0 0 0 0 0 0 0 0 0 0 0 0 0 0 0 0 0 0 0 0
12.8 -7.58024689336611E-02 0.04998291985696 2.34699396408426E-02 -0.11203052189091 -0.571420916811757 0.672841756470288 -9.64562931546474E-02 -6.12159269702138E-02 -0.122915719156982 7.72700221609775E-02 -0.233961242378805 -0.889993059524454 -0.576757530613323 -0.738945081514543 22.1962467851207 -4.1544259573931 -0.988568171023651 3.48164710389653E-02 0 0 0 0 0 0 0 0 0 0 0 0 0 0 0 0 0 0 0 0 0 0
13 -0.18896205444052 2.48085947501586E-02 -5.85567778502295E-02 -0.154939138927852 -0.584753801726618 0.652315784130685 -4.05311791663974E-03 9.19683090072944E-03 1.93322743998052E-02 -7.56002578143444E-02 0.404080064251417 -0.838596425201594 -0.8768163629109 -0.301119254600912 22.1867175067629 -4.10423157045559 -0.988509314561739 0.035612685016604 0 0 0 0 0 0 0 0 0 0 0 0 0 0 0 0 0 0 0 0 0 0
13.2 -0.227122642895907 -0.115198543023352 -0.114678777032445 -0.174261835695868 -0.599439273996186 0.626167120911503 0.021475551048896 -0.120063139596779 -2.25775245595124E-02 9.58853122594287E-02 0.845633852228406 -0.378165741844551 -0.917966503764714 0.218342700200343 22.1780415390153 -4.04992857983986 -0.988838780649257 3.62260443919343E-02 0 0 0 0 0 0 0 0 0 0 0 0 0 0 0 0 0 0 0 0 0 0
13.4 -0.112769415776462 -0.182636624274317 -8.24689874689902E-02 -8.20718020937834E-02 -0.618528922773776 0.617539253965004 0.128870937037676 -4.38127668447174E-02 -9.22068359254423E-02 -0.136505571219398 0.886554242117041 0.217872121738724 -0.646958967280766 0.66724495899949 22.1679063120367 -4.004353418484 -0.988229046002821 3.76197784827586E-02 0 0 0 0 0 0 0 0 0 0 0 0 0 0 0 0 0 0 0 0 0 0
13.6 -3.84423266580309E-02 -0.111450829714097 3.05337177820643E-03 -8.53713287843081E-02 -0.639335839884985 0.598159507567406 1.54004541403595E-02 -8.00520756703186E-02 0.216486158886745 -2.54191697341703E-02 0.530402860908677 0.749138285898812 -0.174218574302729 0.918069928422716 22.1599726131987 -3.95551045127429 -0.988286427106749 3.77537857347273E-02 0 0 0 0 0 0 0 0 0 0 0 0 0 0 0 0 0 0 0 0 0 0
13.8 -9.60768870806866E-02 -5.02884338292608E-02 2.34308501171917E-02 -0.150370929456593 -0.635407557763715 0.573078634753921 2.74873567612379E-02 -0.15340604503654 -8.37787892144602E-03 0.197473351932394 -7.02692756754201E-02 0.88864965937231 0.338904643166762 0.858130261329493 22.1516399396818 -3.90970420205942 -0.988491389041848 3.82671490192951E-02 0 0 0 0 0 0 0 0 0 0 0 0 0 0 0 0 0 0 0 0 0 0
14 -0.161961586854665 -0.131135132236302 -6.07925205546099E-02 -0.197624856705936 -0.642046694219142 0.529433542190658 1.35927241140454E-02 -6.24873658084694E-02 -0.147519882870987 -3.93566282873666E-02 -0.629526101152338 0.617784954316026 0.755158512048146 0.542725459170843 22.1468724637491 -3.86400029658519 -0.988428941422389 3.93949384245618E-02 0 0 0 0 0 0 0 0 0 0 0 0 0 0 0 0 0 0 0 0 0 0
14.2 -6.43721157681493E-02 -0.27825680087082 -0.167980281032152 -0.208136868325862 -0.647469671904731 0.474752558464946 -2.81543727999792E-02 -0.255429376248545 -1.16679324554775E-02 -0.109638963306392 -0.827545679827868 0.04719389596574 0.936100358306027 6.32056177406125E-02 22.1434043568419 -3.8211290495472 -0.988715146743848 4.01325073044987E-02 0 0 0 0 0 0 0 0 0 0 0 0 0 0 0 0 0 0 0 0 0 0
14.4 0.139932492065615 -0.269820514080304 -0.169223975578328 -0.126003460524078 -0.676721202386777 0.455345847928294 6.75162207317572E-02 -0.174602980397946 0.167510331545974 -7.04947865586789E-02 -0.670756139082019 -0.526738930562224 0.78777180026585 -0.458236216554843 22.1345130355353 -3.77903923362145 -0.988125960144307 0.041104686859583 0 0 0 0 0 0 0 0 0 0 0 0 0 0 0 0 0 0 0 0 0 0
14.6 0.255811648357803 -0.033104698163782 -0.109868450344093 1.89326140450756E-02 -0.716306235755449 0.408421211550183 6.37569830663784E-02 -0.126154179145891 8.20918637288199E-02 0.239080016143681 -0.168222646940824 -0.848212170408732 0.436405161204783 -0.81143399288937 22.1276191404972 -3.74002156089889 -0.987800741678723 4.22046387744777E-02 0 0 0 0 0 0 0 0 0 0 0 0 0 0 0 0 0 0 0 0 0 0
14.8 0.10238899819176 0.155900007513417 -2.59918803951368E-02 3.20650408594297E-02 -0.730345922745263 0.413685233528033 5.19309785447695E-02 -0.28065040280693 -0.302860486576777 5.26336278427922E-02 0.40536369611079 -0.730020898789343 -7.47345356665121E-02 -0.916465054873617 22.1202130930253 -3.70452401445614 -0.987058956659952 4.30086791076945E-02 0 0 0 0 0 0 0 0 0 0 0 0 0 0 0 0 0 0 0 0 0 0
15 -0.14692734368819 0.149299413779887 5.04973661645397E-02 -0.125675966749449 -0.755237944192746 0.38789319098504 -9.58927383242503E-02 -0.136390580356987 0.042837510969229 -0.331981091924164 0.822423681186688 -0.250706486750238 -0.542194317790271 -0.748935977619631 22.1131768578055 -3.66304848170642 -0.986958003272257 4.32199605715743E-02 0 0 0 0 0 0 0 0 0 0 0 0 0 0 0 0 0 0 0 0 0 0
15.2 -0.242967154413437 -4.56922416081687E-02 2.72531049436648E-02 -0.234195738148197 -0.746540177774315 0.37192221899175 -0.10151932407281 -0.161135982592479 0.25960251825272 0.122199465049149 0.799662792653836 0.336557325772515 -0.863788719105044 -0.321905554708948 22.1039490013442 -3.62554100965278 -0.98628599728141 0.043324352444061 0 0 0 0 0 0 0 0 0 0 0 0 0 0 0 0 0 0 0 0 0 0
15.4 -0.151466161096141 -0.20348629522913 -5.82879046287223E-02 -0.173073145761164 -0.775580599294537 0.350088523609723 -8.90151671819906E-02 -0.186080169043185 -0.13747719826213 0.174076905900579 0.41232860204931 0.774411215249789 -0.907694317108519 0.194244103271695 22.0974057318664 -3.58787899825636 -0.986295340030391 4.35262350639998E-02 0 0 0 0 0 0 0 0 0 0 0 0 0 0 0 0 0 0 0 0 0 0
15.6 -3.38847871293378E-02 -0.195255437482315 -0.106342422311745 -0.080023781960947 -0.787863546372975 0.320927501197907 -9.49165297666327E-02 -8.54958104826828E-02 -0.066868592226477 -0.085061036607407 -0.198782302874158 0.860273370417343 -0.652625036506247 0.653934918590748 22.0908531465808 -3.55367356430288 -0.985757369822352 4.45743464565503E-02 0 0 0 0 0 0 0 0 0 0 0 0 0 0 0 0 0 0 0 0 0 0
15.8 -2.35146524891164E-02 -0.169580314009994 -3.99816675893003E-02 -0.11846730613365 -0.795035551167825 0.32076511775922 2.26177608615386E-02 -9.98713462657343E-02 -3.3420604321111E-03 -3.01281769158447E-02 -0.705928464342994 0.546230648273629 -0.200181515186417 0.907366290158064 22.077254887253 -3.51996843539584 -0.984838373936002 0.044385528529229 0 0 0 0 0 0 0 0 0 0 0 0 0 0 0 0 0 0 0 0 0 0
16 -5.07071119599625E-02 -0.177077306956681 0.048438441767188 -0.184294978280447 -0.777845874529091 0.318242061504434 3.00417455581699E-02 -0.156348782815079 5.10884631237804E-02 -0.069519006245701 -0.880271209695821 -0.026272374398934 0.317588570999352 0.872994130843667 22.0649431469324 -3.481965843047 -0.984683608309103 4.45584054014261E-02 0 0 0 0 0 0 0 0 0 0 0 0 0 0 0 0 0 0 0 0 0 0
16.2 1.61742991030263E-02 -0.220048184946406 2.66856966193182E-02 -0.226451758027856 -0.769097699896865 0.302143985552359 -2.94177722130183E-03 -0.189602129471107 6.30534692884755E-02 4.16491462679731E-02 -0.647971254175152 -0.576611333856847 0.740005272995796 0.560299443061795 22.0592946574175 -3.44507916174967 -0.984552621683547 4.46976782918421E-02 0 0 0 0 0 0 0 0 0 0 0 0 0 0 0 0 0 0 0 0 0 0
16.4 9.70414886131905E-02 -0.187852954192838 -8.68263007200929E-02 -0.304355371173223 -0.743993179855897 0.256439718589791 -9.36686433381546E-02 -0.185017800654096 -2.47505402954329E-02 1.37273349491365E-02 -0.112556617348187 -0.845967893467209 0.932426218910673 7.26078811887385E-02 22.0546410448808 -3.40893122275763 -0.984364802568293 4.37367083769037E-02 0 0 0 0 0 0 0 0 0 0 0 0 0 0 0 0 0 0 0 0 0 0
16.6 0.132456897838645 -0.100946477292836 -0.201182295422539 -0.250682727562619 -0.730088730483579 0.208681351412748 -4.90071203044767E-02 -9.90799611762088E-02 2.48880266440898E-02 5.91363267470996E-02 0.463029445434901 -0.706090126999491 0.825876638427625 -0.440063248290916 22.0543854779417 -3.37737118500558 -0.985180029203917 4.62438394164526E-02 0 0 0 0 0 0 0 0 0 0 0 0 0 0 0 0 0 0 0 0 0 0
16.8 0.104224871367681 -1.71359032721312E-02 -0.203629506729925 -0.141951726012291 -0.758922380499216 0.155440610812546 5.34065308438518E-02 -0.138131401881334 -0.178484434860206 5.71654171284038E-03 0.812714284200533 -0.234100326208745 0.448229380584792 -0.826820961303746 22.0470787576714 -3.3497559739391 -0.986208895856648 4.61690536765542E-02 0 0 0 0 0 0 0 0 0 0 0 0 0 0 0 0 0 0 0 0 0 0
17 1.49751043875273E-02 2.57408987176152E-04 -0.130045395682503 -7.85970451386228E-02 -0.774892318994767 0.131791172060323 8.57465179429226E-03 -0.224436655123902 7.11156239079008E-02 -0.25639369397089 0.745494989504627 0.355983709390067 -5.66102869959402E-02 -0.943547092436268 22.0387407287338 -3.32066158601255 -0.984262549487668 4.69637252528546E-02 0 0 0 0 0 0 0 0 0 0 0 0 0 0 0 0 0 0 0 0 0 0
17.2 -3.77697392916489E-02 -2.21812560527008E-02 -8.10958340849549E-02 -3.33553829413384E-02 -0.801636634240598 9.05446211697203E-02 -2.38088934485233E-02 -0.225518633460599 0.286202106199225 0.232796431872162 0.330663754276265 0.779653465264579 -0.573953850886416 -0.752807446375568 22.0321410899478 -3.28890561805189 -0.984350211573231 4.72483843111716E-02 0 0 0 0 0 0 0 0 0 0 0 0 0 0 0 0 0 0 0 0 0 0
17.4 -0.07002755078392 -0.105032156090426 -1.71701129940908E-02 -0.13154505999059 -0.809578965950885 8.84076757208887E-02 -3.08699401236857E-02 -0.266961134967818 -0.286278335015134 0.210573544141315 -0.232552269804677 0.804699806965936 -0.88497077157319 -0.322812990771338 22.0224483031045 -3.25813841673637 -0.983652381148902 4.71949369449131E-02 0 0 0 0 0 0 0 0 0 0 0 0 0 0 0 0 0 0 0 0 0 0
17.6 2.29952173100021E-02 -0.214212066329425 -2.47277478220598E-02 -0.188349756178373 -0.8100335246786 7.85091820947916E-02 -0.13359669875504 -0.289001319258224 -0.129890865938959 -0.288000689154337 -0.692124674907781 0.442318065763224 -0.919128933961205 0.206834701405207 22.0207490549607 -3.22799591862976 -0.983549466152918 4.75197953860125E-02 0 0 0 0 0 0 0 0 0 0 0 0 0 0 0 0 0 0 0 0 0 0
17.8 0.144428843474097 -0.219181352289761 -0.123960754182569 -0.112179871465837 -0.811630466023983 3.54330918945186E-02 -0.146614200280385 -0.190743442888173 0.240566565143739 -8.89641501373081E-02 -0.843525668272109 -0.117310248999445 -0.661676433221409 0.670106380488826 22.0183944750153 -3.2009197930686 -0.983641881772369 4.79668971808462E-02 0 0 0 0 0 0 0 0 0 0 0 0 0 0 0 0 0 0 0 0 0 0
18 0.223984877697093 -9.81941131913145E-02 -0.125007399165798 -6.95471283806972E-02 -0.806915168862106 3.42997235524798E-02 -7.90997583303106E-02 -0.12145503416923 0.10557925546407 0.147086735340667 -0.582747290723961 -0.642197849572588 -0.182781656285501 0.926521444725665 22.0104808947967 -3.1748133536336 -0.983075443495936 4.82576202873346E-02 0 0 0 0 0 0 0 0 0 0 0 0 0 0 0 0 0 0 0 0 0 0
18.2 0.142409284300672 6.00599523553197E-02 5.29155569816677E-02 -0.120755358487922 -0.815297376911017 2.33407638406311E-02 -9.00440524108131E-02 -0.121955186558861 -0.10511786744902 0.158502831834825 -3.81370729809462E-02 -0.866089271863288 0.340465905546285 0.884742894976758 22.0011757875169 -3.14928186850128 -0.983171271621442 0.048768410611162 0 0 0 0 0 0 0 0 0 0 0 0 0 0 0 0 0 0 0 0 0 0
18.4 -4.35220750700503E-02 0.041762676271487 0.118733446870005 -0.190163271508246 -0.795588578678343 3.10880207783461E-02 -3.04535947255437E-02 -0.159593487310228 -0.19545794097465 -8.09508640322363E-02 0.506868633144615 -0.693362465973285 0.770186753177701 0.54758666028882 21.9932314605881 -3.12246825205544 -0.983549896870392 4.87218260813369E-02 0 0 0 0 0 0 0 0 0 0 0 0 0 0 0 0 0 0 0 0 0 0
18.6 -0.152991043310491 -0.128694156660462 0.041580786175154 -0.274153643345598 -0.774452934734146 5.35717396259397E-03 -0.10448246486249 -0.19696668456053 9.32160517493554E-02 -0.212924335699253 0.813736788407587 -0.193404764277245 0.947677411001738 4.55370724373101E-02 21.9896951482382 -3.09575814103669 -0.983296605479097 4.93923624636353E-02 0 0 0 0 0 0 0 0 0 0 0 0 0 0 0 0 0 0 0 0 0 0
18.8 3.32792487702907E-02 -0.275415658703474 -0.111670204024908 -0.385979861724454 -0.726835121840888 -0.045237777954469 -0.125911049558972 -0.189421552817951 0.150020882553207 0.101021563964943 0.73291121000439 0.376384201641471 0.801757564956972 -0.484672194311874 21.9855134427995 -3.07219827599531 -0.982884517080811 5.05853227517699E-02 0 0 0 0 0 0 0 0 0 0 0 0 0 0 0 0 0 0 0 0 0 0
19 0.245384395592747 -0.19955414966522 -0.173911343859746 -0.34544615349 -0.722581818881851 -8.12872957296319E-02 -5.74518444190007E-02 -0.160122516230349 -6.02300629235104E-02 0.136460259091838 0.320826652899528 0.76220292152557 0.420220851612891 -0.842532543484369 21.9778391940676 -3.04745373894815 -0.982270331736786 5.05794054539746E-02 0 0 0 0 0 0 0 0 0 0 0 0 0 0 0 0 0 0 0 0 0 0
19.2 0.266249657068635 -1.38246916353853E-02 -0.228200516671497 -0.210851098533243 -0.725590935737041 -0.143033696145836 -0.136241947754942 -0.137826860951651 -0.123421747272769 -4.10767975267436E-02 -0.254405897181586 0.769912224240628 -0.104646115329372 -0.923631723491615 21.9691399764839 -3.02399142611841 -0.981284116248507 5.08971298443055E-02 0 0 0 0 0 0 0 0 0 0 0 0 0 0 0 0 0 0 0 0 0 0
19.4 0.129897371460365 5.64059936658421E-02 -0.221314459794477 -0.137994970106691 -0.732218903447458 -0.177769886415732 3.27104021383332E-04 -8.10756843058824E-02 -1.28417821932228E-02 -9.66259426157123E-02 -0.704889296324179 0.42650297030196 -0.580458560539715 -0.725895936206638 21.9583532159782 -2.9968909179526 -0.981573772329917 5.07677439775655E-02 0 0 0 0 0 0 0 0 0 0 0 0 0 0 0 0 0 0 0 0 0 0
19.6 7.28260436565741E-02 -7.64569026153512E-02 -0.14106065674919 -0.216750942773148 -0.739507140611818 -0.176703484692615 0.060771924430616 -0.106447659140707 0.073484720706408 -5.22958839335525E-02 -0.81262283830886 -0.128286663486003 -0.881649034475099 -0.292449323847649 21.9504655233875 -2.9702792361623 -0.981556976396232 5.07474934922913E-02 0 0 0 0 0 0 0 0 0 0 0 0 0 0 0 0 0 0 0 0 0 0
19.8 0.203892194869313 -0.135731946680548 -0.189911372865224 -0.250535958043441 -0.722265860405414 -0.186044630924013 2.40852286165408E-03 -0.274457270986036 6.90547762089972E-02 6.94890256977228E-02 -0.52008953208749 -0.615354485946844 -0.896880369218197 0.233644558333554 21.9413922254269 -2.94416415224892 -0.981970159236419 5.06568280611563E-02 0 0 0 0 0 0 0 0 0 0 0 0 0 0 0 0 0 0 0 0 0 0
20 0.309889959343579 9.44710751630589E-03 -0.233218928649798 -0.153976974277737 -0.717376352036785 -0.243953160699978 -2.17988604760279E-02 -0.25825925887194 -5.11875706149987E-02 9.93194562331774E-02 -1.52157949970104E-02 -0.808372729471869 -0.61849637004871 0.685696791282581 21.936369331779 -2.91904376957672 -0.982743663907995 5.03808519427785E-02 0 0 0 0 0 0 0 0 0 0 0 0 0 0 0 0 0 0 0 0 0 0
20.2 0.246939855271815 0.171504069758148 -0.25117667701203 -8.67582804027214E-02 -0.702326570162663 -0.271433968260822 -0.141205726982992 -0.287266450971873 -0.139804747226406 -6.43667471458743E-02 0.510848766539962 -0.607827832008393 -0.142687244710607 0.918696902176218 21.9336105643283 -2.89589290344864 -0.983127752615899 5.08335887135141E-02 0 0 0 0 0 0 0 0 0 0 0 0 0 0 0 0 0 0 0 0 0 0
20.4 -1.36569808581017E-02 0.196896976390701 -0.175189946670446 -4.81322772481971E-03 -0.715355580861238 -0.295964796192916 -0.120902103408649 -0.208165259394135 5.51385901555312E-02 -0.124263932889962 0.801371696309933 -0.141510235625276 0.371283567605962 0.8434169771435 21.9286403713419 -2.871531506882 -0.983425890237077 5.19210745256557E-02 0 0 0 0 0 0 0 0 0 0 0 0 0 0 0 0 0 0 0 0 0 0
20.6 -6.12084797831466E-02 1.16790736444128E-02 -4.14391380303881E-02 9.2129049960269E-03 -0.722524115403083 -0.30688461036802 -0.134105340630652 -0.152831404784023 9.47676974310958E-02 7.70891359779443E-02 0.706038521608172 0.414188417032695 0.769539236524233 0.514713496399046 21.9239664823327 -2.84275730070536 -0.983521750155571 5.24168739392419E-02 0 0 0 0 0 0 0 0 0 0 0 0 0 0 0 0 0 0 0 0 0 0
20.8 0.071791527915753 -0.121417595326944 8.81544531431965E-02 -7.20918498467422E-02 -0.722635772185017 -0.30054864708865 -7.68381081206307E-02 -0.223470262428674 1.24210333581658E-02 0.045772225788472 0.290826499224049 0.754446274896741 0.922786756660859 2.02609522408086E-02 21.9217768275626 -2.8186251612887 -0.983741067997205 5.33455086908309E-02 0 0 0 0 0 0 0 0 0 0 0 0 0 0 0 0 0 0 0 0 0 0
21 0.170082255457253 -5.87303687819683E-02 8.14886508834402E-02 -0.247776998924633 -0.697614822373354 -0.298720017602607 -5.75138279215514E-02 -0.262121338931838 -2.79560305482378E-02 0.119915465929039 -0.242116693949069 0.757270783626498 0.791006552394969 -0.475022842415115 21.9162438447757 -2.79712541335583 -0.984069573830776 5.33723867344169E-02 0 0 0 0 0 0 0 0 0 0 0 0 0 0 0 0 0 0 0 0 0 0
21.2 0.148094458968352 5.60252690732818E-02 -3.37236083477879E-02 -0.320094764576351 -0.660731124189554 -0.314463868386013 -0.103596967672537 -0.301401308270506 -0.173075296531851 -3.69724155090266E-02 -0.655861125579822 0.397004303039216 0.418559362409546 -0.835311519307696 21.9141866049638 -2.77691535207628 -0.984034230764083 5.35354822212218E-02 0 0 0 0 0 0 0 0 0 0 0 0 0 0 0 0 0 0 0 0 0 0
21.4 2.67328411847207E-02 2.89158985398635E-02 -7.27894432992501E-02 -0.242398539319486 -0.649225061715245 -0.341907001627478 -0.200588159629937 -0.196452468536177 9.88739507710872E-02 -0.206373680952179 -0.756598870867527 -0.144654002630053 -0.109062826386999 -0.924637138797054 21.9125938203626 -2.76077839050729 -0.983275115500411 5.42375980852539E-02 0 0 0 0 0 0 0 0 0 0 0 0 0 0 0 0 0 0 0 0 0 0
21.6 4.87308087339372E-02 -3.23078933456039E-02 -0.114395508662687 -0.254205145061084 -0.617902207635777 -0.373509558535577 -0.198603516901388 -0.137389740865158 0.189348240595492 0.168928251202657 -0.463922581859917 -0.618503144831032 -0.594774139917156 -0.727910786138181 21.9073004234906 -2.74328838890156 -0.982801922611246 0.054887328814765 0 0 0 0 0 0 0 0 0 0 0 0 0 0 0 0 0 0 0 0 0 0
21.8 0.139758653521946 -7.93507456269125E-02 -8.35597381123568E-02 -0.314900398449806 -0.613528715424299 -0.380809173552454 -0.147072486650888 -8.88057478419346E-02 -0.170239259512595 0.141439531489463 4.16839240958576E-02 -0.781596989329519 -0.883488677527599 -0.278627476493678 21.9007418466131 -2.72258402428517 -0.982507879644636 5.53575871355328E-02 0 0 0 0 0 0 0 0 0 0 0 0 0 0 0 0 0 0 0 0 0 0
22 0.24852224692451 -1.42631965451497E-02 -0.109265668117306 -0.346061546767612 -0.596006228901617 -0.383742067499597 -9.69184781970267E-02 -4.08252162825229E-02 -7.61063556778105E-02 -0.118153427853065 0.54759713103461 -0.566442289413511 -0.909796484536296 0.224215441104056 21.8942638376225 -2.70131257935208 -0.984358704138727 5.26852440744993E-02 0 0 0 0 0 0 0 0 0 0 0 0 0 0 0 0 0 0 0 0 0 0
22.2 0.242633743494729 6.80910591820443E-02 -0.21714309156379 -0.358189522093249 -0.568485980139743 -0.403996605829391 5.97731296036034E-02 -0.200000894831253 2.48573652892793E-02 -0.108580389250551 0.790430045146199 -0.107596885348206 -0.635377021705653 0.696014068603602 21.891807450539 -2.6811479026039 -0.98293071351627 5.55254990027056E-02 0 0 0 0 0 0 0 0 0 0 0 0 0 0 0 0 0 0 0 0 0 0
22.4 0.20564426622042 9.13486871967708E-02 -0.330319495512237 -0.351114077414094 -0.527733569821526 -0.413019015796991 -3.17837321988096E-02 -0.303369351311417 0.163589619879563 -7.06554154023995E-02 0.656907022191727 0.426425164645428 -0.162293135722859 0.913046152571336 21.8915210211529 -2.66282733501924 -0.981984980174978 5.29489635886519E-02 0 0 0 0 0 0 0 0 0 0 0 0 0 0 0 0 0 0 0 0 0 0
22.6 0.206323384515622 0.140621740347416 -0.371317075771223 -0.237908989249045 -0.508724464412568 -0.454226256493537 -0.102557162367126 -0.25480248001193 8.57346560803385E-02 0.244646264979212 0.219838860436029 0.763984231264188 0.368338320894786 0.875798934415535 21.8882913442436 -2.64216161123971 -0.983356483885462 5.56158793691052E-02 0 0 0 0 0 0 0 0 0 0 0 0 0 0 0 0 0 0 0 0 0 0
22.8 0.174663445214309 0.234320054871626 -0.33316234252641 -9.49701317801504E-02 -0.501870502648404 -0.510494449855731 -6.08719082356194E-02 -0.213978438733823 -0.297968612985768 0.063477776528347 -0.311128501736901 0.75161733742739 0.776338540259016 0.528577871753755 21.8833197916691 -2.61728067344619 -0.983932049398921 5.66307470479443E-02 0 0 0 0 0 0 0 0 0 0 0 0 0 0 0 0 0 0 0 0 0 0
23 5.03246652043828E-02 0.26054298433034 -0.28354435818742 -2.86238429294807E-02 -0.49428401571942 -0.525316804011081 -0.10796679905126 -0.273418265755174 -4.13633243878334E-02 -0.295512459047745 -0.699859625749055 0.364709088523933 0.945229163545197 2.33083357951263E-02 21.8771222756284 -2.59360213630981 -0.984345764703826 5.68901229952604E-02 0 0 0 0 0 0 0 0 0 0 0 0 0 0 0 0 0 0 0 0 0 0
23.2 -1.40966601772492E-02 0.138382440868869 -0.161748582817749 -6.09920306748863E-02 -0.505068493736586 -0.547224323607095 -0.099114858341509 -0.23174534843429 0.206369119835958 -2.76586568631399E-02 -0.777896182384457 -0.165877580414764 0.808546399399991 -0.498718874152081 21.8763563715767 -2.57092745297325 -0.984140970528021 5.82441211761434E-02 0 0 0 0 0 0 0 0 0 0 0 0 0 0 0 0 0 0 0 0 0 0
23.4 9.13144643869336E-02 9.95534429587481E-02 -6.96172809568593E-02 -0.136873834193981 -0.512834156145653 -0.539690512553328 -0.129269771940078 -0.344661813065855 0.101925823849046 0.135319355316897 -0.476550586037975 -0.583063314340603 0.410639903597315 -0.85572781443148 21.875176042355 -2.5513724553445 -0.983646493316838 5.93985545805766E-02 0 0 0 0 0 0 0 0 0 0 0 0 0 0 0 0 0 0 0 0 0 0
23.6 0.169099476018778 0.13529696355568 -0.118837200763228 -0.206752136452105 -0.488938459258953 -0.525189694399233 -0.17086008009697 -0.37476277072431 -9.29822955743014E-02 0.206836376438486 8.60699340263828E-03 -0.726534612436403 -0.120998945041642 -0.950861987900848 21.8744170638388 -2.53263475457829 -0.983889895627271 6.03541540135795E-02 0 0 0 0 0 0 0 0 0 0 0 0 0 0 0 0 0 0 0 0 0 0
23.8 7.86888640392477E-02 0.266504660112757 -0.257338182152241 -0.210720573149922 -0.439997228658945 -0.516977249603918 -0.300337404090447 -0.32015877932855 -0.254353915855937 -0.174296930211329 0.488511950255197 -0.506831392686838 -0.615215290872556 -0.717682582079792 21.8707489014363 -2.51454345722832 -0.984480379464356 6.09038136761647E-02 0 0 0 0 0 0 0 0 0 0 0 0 0 0 0 0 0 0 0 0 0 0
24 -9.48543672279916E-02 0.232148427105837 -0.193094809397766 -0.126071577784437 -0.436196094403128 -0.541351793906464 -0.333890729675038 -0.276575554419212 0.25734892732372 -0.269339639550957 0.685676582751888 -5.87241799319655E-02 -0.912476608704511 -0.27547521095604 21.8708447556324 -2.49540925309316 -0.984857127705366 6.24404434101505E-02 0 0 0 0 0 0 0 0 0 0 0 0 0 0 0 0 0 0 0 0 0 0
24.2 -0.12186993333851 1.14618386692578E-02 -2.24600808945377E-02 -0.106774222709949 -0.436011258611093 -0.56375878170008 -0.317753146119837 -7.74722808578322E-02 0.164506728648301 0.315784398744188 0.554403462043009 0.466557225508659 -0.913282662099065 0.265282332303787 21.8734380908834 -2.48431911957051 -0.984347254236818 6.33038379683092E-02 0 0 0 0 0 0 0 0 0 0 0 0 0 0 0 0 0 0 0 0 0 0
24.4 7.01007915872047E-02 -9.26808509307905E-02 -3.92085973137131E-02 -0.24030668890406 -0.42989756809905 -0.545893344299804 -0.225198551073082 -0.119805371682766 -0.292644409479441 5.93298585225002E-02 0.16074006484889 0.736162589645414 -0.630517386639863 0.712699699307449 21.8694672274282 -2.46904899866002 -0.982754201123943 6.39970210050923E-02 0 0 0 0 0 0 0 0 0 0 0 0 0 0 0 0 0 0 0 0 0 0
24.6 0.253911856243677 5.48086630071971E-02 -0.161288572335571 -0.385209081734956 -0.38262097366685 -0.531889887824487 -0.168146208217227 -0.118013121517186 -0.010214440761477 -0.176794869330814 -0.364626209969988 0.684398003645095 -0.139488089448349 0.933683185125567 21.8637175470289 -2.45342556920973 -0.982083099686875 6.41730925817154E-02 0 0 0 0 0 0 0 0 0 0 0 0 0 0 0 0 0 0 0 0 0 0
24.8 0.18180563793912 0.29793075347312 -0.270075932910992 -0.420224782800305 -0.341612166381897 -0.512402644345085 -0.175802702865396 -6.55046558261694E-02 4.09057762223765E-02 -3.84246942660538E-02 -0.71758005567485 0.287365819277477 0.39531537449254 0.863740636937999 21.8608300134488 -2.43621057824074 -0.982055389264959 6.46585756826161E-02 0 0 0 0 0 0 0 0 0 0 0 0 0 0 0 0 0 0 0 0 0 0
25 -0.066824547853817 0.359447882834485 -0.403674920775212 -0.279092105032995 -0.275776087621134 -0.549216373795249 -8.56181154262437E-02 -0.179092224941156 0.125137314028485 -4.43162427690653E-02 -0.746280170348168 -0.217268502869946 0.806604910171322 0.51968602219838 21.8580578334115 -2.41744111792717 -0.981753990797579 6.54236033301645E-02 0 0 0 0 0 0 0 0 0 0 0 0 0 0 0 0 0 0 0 0 0 0
25.2 -0.189006711274763 0.147761566115315 -0.426876438201043 -0.067276386829539 -0.210377662927721 -0.588855661974145 -0.195053991879853 -0.114827146067438 3.08631667125546E-02 0.199481899184812 -0.422937194965146 -0.641489311393364 0.941543297539056 1.94475176991972E-03 21.8611667748341 -2.40313652615446 -0.982296660291194 6.57869473268349E-02 0 0 0 0 0 0 0 0 0 0 0 0 0 0 0 0 0 0 0 0 0 0
25.4 -9.43461969915577E-02 5.02603684659118E-02 -0.258255631511029 -6.52208977468527E-02 -0.249905005588061 -0.643737384520174 -0.146255647387486 -5.54820070638441E-02 -0.175610635646281 -1.57112938476912E-02 9.39594687092945E-02 -0.769829506272952 0.803316240313467 -0.520130166625683 21.8622647641016 -2.38954821241057 -0.981633304013988 6.55077197613927E-02 0 0 0 0 0 0 0 0 0 0 0 0 0 0 0 0 0 0 0 0 0 0
25.6 2.28145738492305E-02 0.118956412207946 -0.146262710673661 -0.219087621135025 -0.274484856309732 -0.623284021923669 -1.41824946792131E-02 -0.17895369708232 0.022683838257076 -8.29445937174166E-02 0.548183001558569 -0.56059177279546 0.383379276337121 -0.857709611492106 21.8591070118402 -2.37293989145039 -0.981232556684726 6.50702115430981E-02 0 0 0 0 0 0 0 0 0 0 0 0 0 0 0 0 0 0 0 0 0 0
25.8 -6.63522005973015E-02 0.23004538221936 -0.233619921125823 -0.153074020099734 -0.26699741686859 -0.636462474348609 -8.4093573493511E-03 -0.2604733630173 -4.21270120169646E-02 -4.98309922962327E-02 0.756681586653765 -0.09164035374165 -0.14175776153084 -0.932999990566555 21.8596642067042 -2.36192284039095 -0.981810272943591 6.57795078469503E-02 0 0 0 0 0 0 0 0 0 0 0 0 0 0 0 0 0 0 0 0 0 0
26 -0.181965864274473 0.150466241200245 -0.349104154331743 -5.66057431241207E-02 -0.208203683584678 -0.612924924955844 -7.71190155833269E-02 -0.360256490084024 0.189531538013528 -9.92604707516495E-02 0.611294318187378 0.396216553687083 -0.631232599673391 -0.7183800311276 21.8570353499995 -2.35248655780959 -0.981026132925464 6.63685938373748E-02 0 0 0 0 0 0 0 0 0 0 0 0 0 0 0 0 0 0 0 0 0 0
26.2 -0.155356475842577 -1.09556563145203E-02 -0.309819923276637 -7.60736319299361E-02 -0.209865293770416 -0.629735520885372 -0.165910546637392 -0.396828311535141 6.82828936088327E-02 0.296173226076064 0.193281558589688 0.670479809487859 -0.903472458629991 -0.247535152990414 21.8536151545962 -2.33843435744485 -0.980618483941676 6.68653017560121E-02 0 0 0 0 0 0 0 0 0 0 0 0 0 0 0 0 0 0 0 0 0 0
26.4 -1.27428609774979E-02 -0.076013950152563 -0.114899960582748 -1.51428339606775E-02 -0.173096076591944 -0.653111742428229 -0.25913218111328 -0.266761600497825 -0.32951003722229 -4.93327831814391E-02 -0.337486592928787 0.61799447042121 -0.936218019920858 0.286485714473361 21.853554322128 -2.32341551455754 -0.980154244435142 6.63781080463033E-02 0 0 0 0 0 0 0 0 0 0 0 0 0 0 0 0 0 0 0 0 0 0
26.6 8.33762052326599E-02 3.44597102818559E-02 3.16539416643825E-02 1.58206522955228E-02 -0.174578360110101 -0.650864237954242 -0.284523960766957 -0.344308339106305 0.085421015730686 -0.27584324302943 -0.628990333091505 0.276584761520771 -0.587352685326218 0.725154569138967 21.8533665964101 -2.30877074081735 -0.979546222015985 6.58742103825306E-02 0 0 0 0 0 0 0 0 0 0 0 0 0 0 0 0 0 0 0 0 0 0
26.8 0.071948266935685 0.187890803489218 -0.064066956729335 -0.207263077368322 -0.1606823933464 -0.66035500511031 -0.322413888709748 -0.233830721676855 0.203575423296846 0.114850767623088 -0.660376460851247 -0.238445357844511 -0.114866781267893 0.933912178117288 21.8460170269691 -2.29350812381005 -0.980413302598222 6.51646075482265E-02 0 0 0 0 0 0 0 0 0 0 0 0 0 0 0 0 0 0 0 0 0 0
27 -5.09742470617997E-02 0.202203354403221 -0.191405063997596 -0.32191096881502 -0.134434083012154 -0.620532777100813 -0.315359579552241 -0.167955750875929 -8.17469312528177E-03 0.174514005174815 -0.350468267360647 -0.625804583262866 0.416505014147391 0.846524455729028 21.8427506187236 -2.27694361352986 -0.981893664538735 6.47557019060373E-02 0 0 0 0 0 0 0 0 0 0 0 0 0 0 0 0 0 0 0 0 0 0
27.2 -6.52626378964579E-02 0.243811947914025 -0.153141378314371 -0.335607187932921 -0.150470265308829 -0.640380881163623 -0.262160324706975 -0.293025374328323 -0.186560625767674 0.112134749174636 6.15669361786498E-02 -0.695526481702486 0.801902615689197 0.494250195292709 21.8428476701158 -2.26350195686495 -0.9824501996547 6.56540982840162E-02 0 0 0 0 0 0 0 0 0 0 0 0 0 0 0 0 0 0 0 0 0 0
27.4 -0.133433189898743 0.21545701866516 -0.249709921041729 -0.250093224787959 -9.75550983207726E-02 -0.651797663017876 -0.429520281834625 -0.144017005549479 -0.134083025470728 -0.262484215874516 0.524960514899989 -0.424310140039053 0.991381109924978 -8.25877513632869E-04 21.8420482228805 -2.24969992273067 -0.982781214588243 6.60197262295021E-02 0 0 0 0 0 0 0 0 0 0 0 0 0 0 0 0 0 0 0 0 0 0
27.6 -0.209355825320379 0.142642017839118 -0.372621415179379 -0.210273750924893 -6.47980314348618E-02 -0.631752502051201 -0.344987205065533 -8.10487182148773E-02 0.318744134030268 -0.120572774415501 0.719057281000569 -2.89227229629607E-03 0.788666254458876 -0.530695037305735 21.840117504508 -2.23531913619884 -0.982994544469591 6.58455003646246E-02 0 0 0 0 0 0 0 0 0 0 0 0 0 0 0 0 0 0 0 0 0 0
27.8 -0.205486294840143 6.05867611697321E-02 -0.308925017575516 -0.18437150051992 -7.16826869704363E-02 -0.660618877147689 -0.231322708873388 -6.03994955312553E-02 0.025545569824487 0.330041668593034 0.570311637422872 0.480374673426575 0.387552226130747 -0.927094537161642 21.8384906797099 -2.22302447029013 -0.984135647387672 6.60633325275573E-02 0 0 0 0 0 0 0 0 0 0 0 0 0 0 0 0 0 0 0 0 0 0
28 -9.12574750450919E-02 0.033905612393473 -0.216485769459818 -0.153766877005212 -6.44800064258048E-02 -0.68613147432967 -0.30401125159896 -2.71513298074938E-02 -0.240679048362964 1.04194082587918E-04 0.148697093217982 0.697818538964459 -0.195158699277499 -0.983754421236812 21.8374575682966 -2.20979420913084 -0.985390832132956 6.68218248661606E-02 0 0 0 0 0 0 0 0 0 0 0 0 0 0 0 0 0 0 0 0 0 0
28.2 -4.17671790349152E-02 0.156543089450166 -0.295805080596362 -0.165345953882483 -6.59498586670478E-02 -0.666449133415073 -0.110524113982981 -6.29879797536769E-03 -1.29714756745375E-02 -0.130612021192536 -0.329854791396587 0.649315129776457 -0.679923452966739 -0.724409464407236 21.8395545881053 -2.19572199702201 -0.986149434548806 6.86417752765811E-02 0 0 0 0 0 0 0 0 0 0 0 0 0 0 0 0 0 0 0 0 0 0
28.4 -0.170427981760332 0.245208464561546 -0.355408367189112 -0.16707633405075 -4.35745002930254E-02 -0.619252840199873 -0.123462093570218 -9.67203977876719E-03 7.93233014077583E-02 -6.21171783727571E-02 -0.655342003352706 0.283531394522527 -0.988954218572976 -0.209589119213571 21.8398251723319 -2.18413247012984 -0.986173728208561 7.00067759975745E-02 0 0 0 0 0 0 0 0 0 0 0 0 0 0 0 0 0 0 0 0 0 0
28.6 -0.37558993700155 0.184296965513248 -0.358527340849271 -0.159612801774257 -4.37553659039608E-02 -0.613662614909964 -0.050449225971128 -0.104603297654266 8.38078241555423E-02 7.80618755899845E-02 -0.677609909094768 -0.192452893136298 -0.881806783749564 0.347074969563751 21.8401477167368 -2.174985775877 -0.985404787535908 7.10552732875518E-02 0 0 0 0 0 0 0 0 0 0 0 0 0 0 0 0 0 0 0 0 0 0
28.8 -0.369329196825573 -0.149787501687457 -0.367204120100377 8.88962217745844E-03 3.12672635268096E-02 -0.590167818450573 -1.92017176081246E-02 -0.147226174912119 -0.11683454491956 8.07404282874522E-02 -0.38604768064682 -0.59171182876156 -0.580500328031061 0.786914941686261 21.8376987105233 -2.16383493277185 -0.98510587354907 7.17318722587478E-02 0 0 0 0 0 0 0 0 0 0 0 0 0 0 0 0 0 0 0 0 0 0
29 -0.09594385702364 -0.298631399892604 -0.218238721766025 0.151684520648387 6.15421768968244E-02 -0.601299295569597 -0.135166344038407 -0.219126201140631 -3.97574607867826E-02 -7.69936346826878E-02 5.87049963666513E-02 -0.676978607216979 -6.74109682360889E-02 0.934864262856313 21.8343894099076 -2.14977940178677 -0.986187459554011 7.25178469471374E-02 0 0 0 0 0 0 0 0 0 0 0 0 0 0 0 0 0 0 0 0 0 0
29.2 0.117946848660387 -0.122582522537215 2.66164676824829E-02 -2.42563805784208E-02 5.47875457811956E-02 -0.642859769002046 -9.82082344803786E-03 -0.268329179194805 2.52014651716388E-02 4.73826246427757E-02 0.471876459297704 -0.478596851459914 0.439741946172298 0.857287595670661 21.8368971458453 -2.13747372269141 -0.984766109985946 7.40310997311755E-02 0 0 0 0 0 0 0 0 0 0 0 0 0 0 0 0 0 0 0 0 0 0
29.4 5.14838649064322E-02 0.10117601663783 -4.66799663819173E-03 -0.313796533360556 2.70648806180072E-02 -0.617525889271202 -0.189320972310026 -0.326277637259092 -6.27961908570707E-02 -6.85208392882288E-02 0.664720360101749 -4.36520116501932E-02 0.830599593745576 0.462935456442652 21.8392704154794 -2.12426963508861 -0.984127572611217 7.42636417040897E-02 0 0 0 0 0 0 0 0 0 0 0 0 0 0 0 0 0 0 0 0 0 0
29.6 -0.128061934226323 0.100409908206341 -0.238258921595579 -0.33359573429965 5.43464852580472E-02 -0.601906508771293 -0.288431896175194 -0.31964685936834 0.157081763923 -3.88612282002912E-02 0.511536444267497 0.391148301635528 0.955160006506274 -6.99799570319141E-02 21.8377742728572 -2.11331600723636 -0.983871202465201 7.42814235136752E-02 0 0 0 0 0 0 0 0 0 0 0 0 0 0 0 0 0 0 0 0 0 0
29.8 -0.121990746805039 -7.81489982134782E-02 -0.354454018526133 -0.194666925891264 9.81480809527955E-02 -0.577273910561503 -0.170784732256949 -0.186031363944703 -0.029070076441589 0.178737522234707 0.143976149079604 0.660380016122481 0.790224640627308 -0.601770298110399 21.8361377185341 -2.10509638188955 -0.984448548809582 7.47907389653958E-02 0 0 0 0 0 0 0 0 0 0 0 0 0 0 0 0 0 0 0 0 0 0
30 6.74939613774755E-02 -7.34526684140674E-02 -0.276580454106816 -0.100153515268806 0.137551946200183 -0.612988477080573 -0.317267994266883 -0.291634393592036 -0.144829345014584 -5.74433558010799E-02 -0.277937913188121 0.568424189766226 0.310703706070977 -0.871813119318393 21.8358124250483 -2.09612498704231 -0.984943893579476 7.57434892523001E-02 0 0 0 0 0 0 0 0 0 0 0 0 0 0 0 0 0 0 0 0 0 0
30.2 0.171065080083353 0.183113066939624 -0.132072835243755 -9.47072794258256E-02 0.134682702246861 -0.62413338749481 -0.317065609139638 -0.260280503966378 3.08419920055363E-02 -8.20870467805206E-02 -0.599362633578574 0.241180940410237 -0.197896243152287 -0.931648976438543 21.8375443790691 -2.0874369710988 -0.983928715726174 7.65018938519009E-02 0 0 0 0 0 0 0 0 0 0 0 0 0 0 0 0 0 0 0 0 0 0
30.4 -0.105550851757336 0.403314674452273 -0.133313505440536 -0.296118470895606 9.92016480848173E-02 -0.603103284653437 -0.338124031371046 -0.136180048139921 6.68946368739973E-02 -2.40991900966202E-02 -0.601730848559136 -0.220579074351375 -0.655874285371985 -0.648935319494387 21.8370720654125 -2.07708937706531 -0.983921771479344 7.75127156117581E-02 0 0 0 0 0 0 0 0 0 0 0 0 0 0 0 0 0 0 0 0 0 0
30.6 -0.411125792948064 0.282029595552165 -0.292609805468256 -0.383030459003446 6.08166650081933E-02 -0.545544873654745 -0.411980851427081 -0.188248257434595 8.81979683054618E-02 0.108466594295815 -0.303066498929128 -0.527569958879045 -0.930851124201985 -0.235083125150668 21.8343393266602 -2.0658732843628 -0.984027901055549 7.73908634887537E-02 0 0 0 0 0 0 0 0 0 0 0 0 0 0 0 0 0 0 0 0 0 0
30.8 -0.454867136126462 -9.51244481064467E-02 -0.4864965067838 -0.214938239733658 0.146885640721229 -0.48427277343592 -0.264134172771932 -3.84899946807451E-02 -0.181663715681749 0.120447037531691 0.110372775151576 -0.645536195354309 -0.903683716843713 0.288064422841939 21.8295664020579 -2.0519820949273 -0.983930954818759 7.71743819087553E-02 0 0 0 0 0 0 0 0 0 0 0 0 0 0 0 0 0 0 0 0 0 0
31 -0.219054716171396 -0.281888564845097 -0.526317184258962 -3.04336761208013E-02 0.180398759316031 -0.455720876885381 -0.306379538253167 -9.92128760520948E-04 -6.69421777488964E-02 -0.215957753674004 0.502173226949392 -0.397611850381144 -0.546746797024386 0.758251684397829 21.8312690718902 -2.03976427605594 -0.984321757496789 7.72936681267115E-02 0 0 0 0 0 0 0 0 0 0 0 0 0 0 0 0 0 0 0 0 0 0
31.2 -6.78821642517525E-03 -0.216587514212787 -0.301499758912644 3.82174135783329E-02 0.229599797613622 -0.505247315608636 -0.219836792969756 -8.14216555959698E-02 0.168734546742145 -1.96254820268214E-03 0.637440939616633 1.35107530472178E-02 -0.097060628658227 0.918174185830805 21.8339792644973 -2.03071988781534 -0.984657616735958 7.85582880072571E-02 0 0 0 0 0 0 0 0 0 0 0 0 0 0 0 0 0 0 0 0 0 0
31.4 8.01253895463656E-03 -6.20019827493364E-02 -6.53284989774667E-02 -3.18217523209258E-04 0.257867271362677 -0.528335961058598 -4.18809274809457E-02 -3.1132775862982E-03 -1.11221379562362E-03 7.79108172331812E-02 0.488152673063809 0.389323024656071 0.448483484502154 0.826536153032457 21.8355983694984 -2.02376804604127 -0.983802397470077 8.03139768401762E-02 0 0 0 0 0 0 0 0 0 0 0 0 0 0 0 0 0 0 0 0 0 0
31.6 -7.61574649191844E-02 -0.045812382689074 -0.130350569725652 -8.13216342086804E-02 0.251737313289718 -0.511908985566862 -0.209572413322759 -0.207687533748959 8.11342339055469E-03 1.94258907261925E-02 0.109925054273719 0.612134745986406 0.791850868469105 0.479624940702371 21.8383515077587 -2.01000897077199 -0.985378123558875 8.03921720918837E-02 0 0 0 0 0 0 0 0 0 0 0 0 0 0 0 0 0 0 0 0 0 0
31.8 -8.79454090615579E-02 -0.104804698741333 -0.302122079024421 -0.238060978439975 0.233053826259967 -0.475244551018959 -0.147976412858998 -0.11151346357904 -9.91792693072977E-02 5.02906595129071E-02 -0.309946913997456 0.551335243619638 0.877202898096659 -0.01969247724472 21.8386597655972 -1.99901346205581 -0.985537447393908 8.10193931560746E-02 0 0 0 0 0 0 0 0 0 0 0 0 0 0 0 0 0 0 0 0 0 0
32 -3.39322903599033E-02 -0.101808753625981 -0.337301505639099 -0.253008040148745 0.233650603690732 -0.46791337086263 -0.124536775078403 1.04791954042852E-02 -2.75595378690827E-02 -0.173844165659533 -0.606999474807753 0.192122428482351 0.750550883580155 -0.575093297499586 21.8426473587164 -1.99011319589861 -0.985274088860504 8.22930755572949E-02 0 0 0 0 0 0 0 0 0 0 0 0 0 0 0 0 0 0 0 0 0 0
32.2 -1.05199138558052E-02 -3.76186833270455E-02 -0.271179153982639 -4.59470214373594E-02 0.277921785927059 -0.482210156328573 -0.10744827586899 -0.284453441802473 0.17647389539238 -7.52760282224579E-03 -0.55132818006439 -0.185444259173715 0.372010581437721 -0.866267474905486 21.8441276064298 -1.98582143030537 -0.984902871979395 8.34673501667791E-02 0 0 0 0 0 0 0 0 0 0 0 0 0 0 0 0 0 0 0 0 0 0
32.4 -3.98625311882159E-02 1.39686275395723E-02 -0.228929399305031 3.28888781462976E-02 0.279887482553179 -0.474194525492169 -6.57303078632114E-02 -0.210663027384118 1.63375381089807E-02 0.163209371086757 -0.342806664480606 -0.528988050975252 -0.176891363591687 -0.881728801114692 21.8438448704561 -1.98202059414212 -0.983878795243495 8.35775541932662E-02 0 0 0 0 0 0 0 0 0 0 0 0 0 0 0 0 0 0 0 0 0 0
32.6 -0.112906588271495 1.70101493320667E-02 -0.193698081752052 -0.207729059279775 0.250588887770002 -0.493514344091489 -0.218072192043093 -0.367157785162184 -0.110508656437325 3.25942619667546E-02 6.21621768719562E-02 -0.565111460666044 -0.632116916007088 -0.693287058424191 21.8376127028951 -1.97145378068229 -0.983483785591993 8.19754749680168E-02 0 0 0 0 0 0 0 0 0 0 0 0 0 0 0 0 0 0 0 0 0 0
32.8 -0.150771068389902 6.33394621995618E-03 -0.185876117624339 -0.349004032709758 0.21481632543171 -0.465336603245766 -0.248784616455306 -0.404167250451455 -8.30871004199952E-02 -8.78013601583941E-02 0.37779351239727 -0.373308961942648 -0.930465334201095 -0.183914349192803 21.8344009158806 -1.96159091750761 -0.984619503195049 0.083921066147047 0 0 0 0 0 0 0 0 0 0 0 0 0 0 0 0 0 0 0 0 0 0
33 -0.186988040846626 -7.20520105448871E-02 -0.331020395157679 -0.243611701821693 0.254477430102162 -0.451669411060779 -0.382627397747721 -0.178053889896121 0.1222740507664 -9.84772143180134E-02 0.542930006184549 1.87223771287446E-02 -0.917037312793135 0.329429098876439 21.8385386372001 -1.94973304659085 -0.984368762469748 8.50114572977505E-02 0 0 0 0 0 0 0 0 0 0 0 0 0 0 0 0 0 0 0 0 0 0
33.2 -0.163008528757803 -0.168829758538667 -0.513597031152914 -0.190252973700232 0.257839576282604 -0.365525775787046 -0.330950193647915 -0.233376029349516 0.101171468862938 0.137857228441665 0.420047729793468 0.346220782757664 -0.541391968310451 0.742797826349818 21.8354512748195 -1.9384192306274 -0.984809905787633 8.53233225122162E-02 0 0 0 0 0 0 0 0 0 0 0 0 0 0 0 0 0 0 0 0 0 0
33.4 -7.90463330332662E-02 -0.240360413028792 -0.499350711628089 -0.118586444918722 0.271185206780506 -0.377839499081987 -0.286066038592046 -8.39386278401399E-02 -0.12268637873399 5.05382481207468E-02 6.61233697433233E-02 0.563963851775471 -7.27526744628399E-02 0.960607584825352 21.8392536073614 -1.93062453327379 -0.984539142017646 8.54323236162261E-02 0 0 0 0 0 0 0 0 0 0 0 0 0 0 0 0 0 0 0 0 0 0
33.6 0.108085027067617 -0.232091556927682 -0.397806108999467 8.18370340446347E-02 0.340806926450491 -0.344214382893083 -0.298967892187134 -0.190417001264278 -4.46480307490338E-02 -7.19342653953644E-02 -0.289057499919656 0.461393666890633 0.457956309404245 0.821302083799583 21.8405062730002 -1.92389866658381 -0.984644581709897 0.085715283696304 0 0 0 0 0 0 0 0 0 0 0 0 0 0 0 0 0 0 0 0 0 0
33.8 0.140090145052175 -7.00145464170945E-02 -0.268795118449675 0.13705128190616 0.352040348602383 -0.349125808767291 -0.229051812770315 -0.280278013579228 2.89465722375431E-03 -6.81656144208149E-02 -0.497444586674986 0.206059491011952 0.852508123397608 0.469602919435673 21.8422190021083 -1.9192966983944 -0.984826154567477 8.63897525711596E-02 0 0 0 0 0 0 0 0 0 0 0 0 0 0 0 0 0 0 0 0 0 0
34 3.90368076756213E-02 0.046925924285377 -0.1887796366272 -5.98619822988471E-02 0.360368703970104 -0.380012987022491 -0.44778644717663 -0.169559152604052 0.10291489566314 -1.94844266829148E-02 -0.456506967372871 -0.199114606107871 0.980691626544316 -7.57326386007167E-02 21.8517887675564 -1.91056287590057 -0.984370486052191 8.85763580463913E-02 0 0 0 0 0 0 0 0 0 0 0 0 0 0 0 0 0 0 0 0 0 0
34.2 -6.94229252687475E-02 -2.25940272291962E-02 -0.224064908762095 -0.152775076775637 0.338008878102148 -0.371567108369037 -0.372189902549778 -0.114813617935786 1.74550306565074E-02 0.129281077956272 -0.235551334372128 -0.457931738167521 0.750269811376219 -0.595981466061844 21.8526529037277 -1.90466890270084 -0.983850100080329 8.87852283987514E-02 0 0 0 0 0 0 0 0 0 0 0 0 0 0 0 0 0 0 0 0 0 0
34.4 -4.35025949282249E-02 -0.137756997961248 -0.289110835226326 -4.38423653088615E-02 0.360166988568259 -0.347729021823373 -0.314664419091005 5.37828516759107E-02 -0.11802159098772 -3.38547547946238E-02 0.160789507416798 -0.509585696975802 0.332639295858117 -0.909969344076548 21.851109413276 -1.9003223641741 -0.98308132422677 8.87302915547122E-02 0 0 0 0 0 0 0 0 0 0 0 0 0 0 0 0 0 0 0 0 0 0
34.6 7.54496738260542E-02 -0.108068505250367 -0.3095522845332 4.41562607546203E-02 0.362945978611757 -0.331176568461174 -0.255916782556788 -6.09971879097973E-02 9.82683621956209E-03 -8.49820189018428E-02 0.448860034454222 -0.297278833681733 -0.236456077243956 -0.929779234455785 21.8494829818689 -1.8951244406609 -0.983119427480958 8.95018895833419E-02 0 0 0 0 0 0 0 0 0 0 0 0 0 0 0 0 0 0 0 0 0 0
34.8 8.52366498479146E-02 2.19485361030576E-02 -0.189182480453247 1.63348432078704E-02 0.37796513882643 -0.346958370472816 -7.53910886248663E-02 -9.21079926289795E-02 5.78815992069121E-02 -3.85874588945148E-02 0.564161827672591 4.27107767077019E-02 -0.699065792177967 -0.649918829779954 21.8476608913718 -1.89163385301055 -0.98299425955731 8.93946592999151E-02 0 0 0 0 0 0 0 0 0 0 0 0 0 0 0 0 0 0 0 0 0 0
35 -6.20797694479263E-02 9.89398327037875E-02 1.59761519661276E-02 -0.101990530299032 0.359930379552138 -0.350609301327077 -0.239919650615645 -0.180553098382041 0.116960326664478 3.81082673364491E-02 0.387992458134877 0.370017912781182 -0.937346897392136 -0.187279763914042 21.8495444443188 -1.88603633358811 -0.983119698266126 9.11701352672199E-02 0 0 0 0 0 0 0 0 0 0 0 0 0 0 0 0 0 0 0 0 0 0
35.2 -0.204627218630694 5.70967645307127E-03 -5.07788222674964E-02 -0.31830590878605 0.315360521398335 -0.352401027678679 -0.282713089470263 -0.241975896916933 -7.40697265985877E-02 0.167617892559942 8.58369675219821E-02 0.507238363897357 -0.872983015316024 0.346837212952746 21.8433546110616 -1.87580196122461 -0.985044178279279 9.20089511318084E-02 0 0 0 0 0 0 0 0 0 0 0 0 0 0 0 0 0 0 0 0 0 0
35.4 -0.147894901282336 -0.144473826650581 -0.326931339620491 -0.357843679266919 0.305256004779154 -0.282549488695725 -0.339644707569811 -0.139992777001613 -0.180317782730714 -0.131595471071038 -0.264831319081426 0.433207846802897 -0.546888077144202 0.781900208018172 21.8402629529213 -1.86747685204579 -0.985172109468955 0.092517611607565 0 0 0 0 0 0 0 0 0 0 0 0 0 0 0 0 0 0 0 0 0 0
35.6 -2.80148312372528E-02 -0.182598408407005 -0.476412118196871 -0.260326427858716 0.297688540457075 -0.238081963180013 -0.367007688694033 -7.47756757371438E-02 0.130533732563943 -0.118570403949555 -0.450127594466156 0.142999404684543 -4.59316068170306E-02 0.944218800254277 21.840371631158 -1.85809262021689 -0.984864887617664 9.40089687292933E-02 0 0 0 0 0 0 0 0 0 0 0 0 0 0 0 0 0 0 0 0 0 0
35.8 5.19417564433236E-02 -0.124423784117845 -0.431867420790134 -0.109387420153015 0.34026307209382 -0.217684796707914 -0.136757698558788 -4.5248922224559E-03 6.36157504889227E-02 0.107565242583034 -0.467004478692111 -0.210923630136073 0.499374778016821 0.84149296172156 21.8407579152239 -1.85185963418678 -0.983981493160244 9.51459383057821E-02 0 0 0 0 0 0 0 0 0 0 0 0 0 0 0 0 0 0 0 0 0 0
36 2.11056886234452E-02 -9.78596564761222E-02 -0.383046306168622 -4.98563231710343E-02 0.350989934153757 -0.211869919582332 -0.107404738217789 -0.124666037834051 -2.45946623947523E-02 0.050907276451724 -0.223305195169981 -0.435187401080965 0.843877393474748 0.421324215846664 21.8425700983544 -1.84315956203667 -0.98333943441815 9.59289087240927E-02 0 0 0 0 0 0 0 0 0 0 0 0 0 0 0 0 0 0 0 0 0 0
36.2 0.019540234103131 -0.117897377634675 -0.337484470404578 -4.89728213635866E-02 0.360769586622792 -0.19973041406513 -0.279573911142775 -0.222002634078113 -8.01069802406718E-02 0.01439018080286 0.11405659777181 -0.443195770454739 0.95017127254252 -0.128487041528159 21.8466220955084 -1.83583713225363 -0.982638800826833 9.77223105744749E-02 0 0 0 0 0 0 0 0 0 0 0 0 0 0 0 0 0 0 0 0 0 0
36.4 6.39904981486719E-02 -0.142611069015965 -0.327210533252589 -0.131776352224432 0.3545703924284 -0.203996783998975 -0.292129531882096 -0.162962806203103 -1.85783562985031E-02 -0.143406749998663 0.379736195063477 -0.263070913408824 0.709012214055376 -0.602252207484258 21.8468415332249 -1.82978154365662 -0.982019723888503 9.77045696540328E-02 0 0 0 0 0 0 0 0 0 0 0 0 0 0 0 0 0 0 0 0 0 0
36.6 0.111234843642037 -9.06093168037544E-02 -0.431638373449451 -0.1509018247483 0.325592129728025 -0.186075795278462 -0.357097282546326 -9.26673344165937E-02 0.161844351450698 1.79387309008275E-02 0.424517233376933 5.33655043685921E-02 0.327426811899607 -0.866704863454854 21.8458816813282 -1.82280574348332 -0.981208604776887 9.81730626415543E-02 0 0 0 0 0 0 0 0 0 0 0 0 0 0 0 0 0 0 0 0 0 0
36.8 0.104955004017063 -1.50349140547949E-02 -0.488116930434581 -3.98279764121739E-02 0.33768648917191 -0.141756961956138 -0.287373620304991 -0.125353497481139 -7.40571441800736E-02 0.13708830155442 0.308869227127059 0.349216870713771 -0.282268110763562 -0.916911540882239 21.8472702580401 -1.81381994505965 -0.981548022654805 9.82209595598363E-02 0 0 0 0 0 0 0 0 0 0 0 0 0 0 0 0 0 0 0 0 0 0
37 8.76278971043654E-02 1.52158839728629E-02 -0.407998565066421 0.148218338649868 0.351094121299553 -0.115862819438195 -0.162013516782116 -4.16160654134883E-02 -6.05737673031898E-02 -7.42685058293932E-02 6.8122553179812E-03 0.454663888054314 -0.652784390488228 -0.635881338941769 21.8509128196297 -1.81121229169635 -0.981719520653601 9.81805268278059E-02 0 0 0 0 0 0 0 0 0 0 0 0 0 0 0 0 0 0 0 0 0 0
37.2 6.13625240633903E-02 3.44672921730859E-02 -0.260069562023136 0.168126088518013 0.381501885520726 -8.52608853360243E-02 -0.246875083608252 -0.171413742822424 1.33021367691523E-02 2.45000163636072E-03 -0.284025473578017 0.358107563371052 -0.952837843940474 -0.171570869493257 21.8548352218744 -1.80856312613686 -0.98010730573199 9.94581563208191E-02 0 0 0 0 0 0 0 0 0 0 0 0 0 0 0 0 0 0 0 0 0 0
37.4 3.37775588078625E-02 5.64745747207668E-02 -0.15923446187774 7.26825536249632E-02 0.404705604463851 -0.117036238916933 -0.216736852498584 -0.286709501311951 -1.51164773174205E-02 -0.066545577371945 -0.424204992669301 0.109779775244442 -0.840800103741042 0.339116765507308 21.8551195437044 -1.80624943030501 -0.979475411146664 0.100370519292766 0 0 0 0 0 0 0 0 0 0 0 0 0 0 0 0 0 0 0 0 0 0
37.6 -4.94220256011249E-02 3.72743160533427E-02 -6.88610752491212E-02 -8.00300249362034E-02 0.401452162971169 -0.116108306913873 -0.365753620109451 -0.230944602290456 0.129633570260476 2.28266796170897E-02 -0.370970777252767 -0.193717179193744 -0.537762437320354 0.749095526166836 21.853472131272 -1.80075391259114 -0.979108528796738 0.100002961305872 0 0 0 0 0 0 0 0 0 0 0 0 0 0 0 0 0 0 0 0 0 0
37.8 -8.80901092305533E-02 -6.38626196628876E-02 -0.132818243346693 -0.213868698883468 0.368796936786677 -0.11729697687057 -0.447949564324046 -0.160042308637901 -8.24505450576216E-02 0.124672698400179 -0.146491519713475 -0.369751962856179 -4.46287024533823E-02 0.939569523190199 21.8487884415713 -1.7937407565376 -0.97883206497325 9.96243810955944E-02 0 0 0 0 0 0 0 0 0 0 0 0 0 0 0 0 0 0 0 0 0 0
38 -5.8160784387142E-03 -0.17025596120313 -0.333878904942514 -0.179182281756367 0.364285055228359 -9.57101906491997E-02 -0.304619741206034 0.020829920189094 -4.87975902714808E-02 -9.39857906854663E-02 0.149880100354122 -0.368151146611077 0.433531060560214 0.803649970174592 21.8410380787939 -1.7832949833695 -0.98062231799581 9.94854535746473E-02 0 0 0 0 0 0 0 0 0 0 0 0 0 0 0 0 0 0 0 0 0 0
38.2 0.139642412595662 -0.1094714841086 -0.413602565013861 -4.77575657570182E-02 0.338554049018708 -4.26633026239483E-02 -0.291547820156692 -0.100845297215092 0.058589647615828 7.60550089481992E-03 0.375698086146054 -0.199411916023443 0.86792390383085 0.412911451282089 21.8400598162607 -1.77406298075461 -0.980695658062413 9.96648974211933E-02 0 0 0 0 0 0 0 0 0 0 0 0 0 0 0 0 0 0 0 0 0 0
38.4 0.192002918348707 9.92199308120956E-03 -0.288520911710443 -1.27521271724209E-02 0.377658724240197 -6.16354871547999E-02 -0.312933615915812 -0.106801440652054 -2.51956852617371E-02 -2.50162382610477E-02 0.391765861491024 6.38087176911745E-02 0.889195721604995 -7.24575772604502E-02 21.8408399877779 -1.77048555560143 -0.98017795151677 0.100262739127637 0 0 0 0 0 0 0 0 0 0 0 0 0 0 0 0 0 0 0 0 0 0
38.6 7.20790365063175E-02 9.15417891566472E-02 -0.179644757877387 -0.090253756072256 0.37277257212783 -5.75543846245627E-02 -0.305504674222287 -6.20558038836479E-02 9.94601471677983E-02 3.17788369031045E-02 0.240226650432516 0.320151337547142 0.742746844887907 -0.617722975158466 21.8399672000846 -1.7634465252541 -0.980301758680792 0.100793238120377 0 0 0 0 0 0 0 0 0 0 0 0 0 0 0 0 0 0 0 0 0 0
38.8 -0.037673218139304 3.39940883712896E-02 -0.202139877737324 -0.144553944354321 0.347562633475665 -0.082372246129043 -0.278750788607954 -0.159239008291736 -0.110321286078886 0.117099637081043 8.5317142109292E-03 0.38220536381193 0.246829536244851 -0.876831828387706 21.8395166332349 -1.75592520512368 -0.981082266423477 0.100908767409678 0 0 0 0 0 0 0 0 0 0 0 0 0 0 0 0 0 0 0 0 0 0
39 -1.86602022872143E-02 -5.78231444795907E-02 -0.349491351352954 -0.218549233444935 0.321629398852139 -7.17227065024632E-02 -0.428043790274931 -5.12519315758366E-02 -5.72203076315431E-02 -0.15158564172072 -0.235369373626428 0.243212598256833 -0.217782767810604 -0.915793378923605 21.8376984703712 -1.74541533661956 -0.981952383945203 0.102056674747729 0 0 0 0 0 0 0 0 0 0 0 0 0 0 0 0 0 0 0 0 0 0
39.2 6.09572916738279E-02 -3.82577415479404E-02 -0.53161086052338 -0.138214352728828 0.263793195891785 -4.45792560705671E-02 -0.344262192824928 3.02654453847539E-02 0.151195078651263 1.15919768509196E-02 -0.354949823362756 1.70826921660873E-02 -0.696154829721765 -0.60194664270076 21.8373275945987 -1.7343771580739 -0.98372208356857 0.103761519805517 0 0 0 0 0 0 0 0 0 0 0 0 0 0 0 0 0 0 0 0 0 0
39.4 6.38929242917289E-02 5.04700955534998E-02 -0.515946104159629 0.101245074156956 0.267659604536417 8.79612173512209E-03 -0.1873842612611 0.046312671185052 -4.01129524329042E-02 9.53120974639645E-02 -0.285977730926016 -0.232259851168257 -0.882671954196366 -0.152327090284078 21.8420928254522 -1.73613149453264 -0.983402550759816 0.104885903839977 0 0 0 0 0 0 0 0 0 0 0 0 0 0 0 0 0 0 0 0 0 0
39.6 -3.81400576281185E-02 5.44447924932108E-02 -0.252335207820838 0.271704946147609 0.263624542434711 6.03453378996894E-02 -0.193530935472801 -0.125094930034047 -2.64250313081826E-02 -2.33757362005439E-02 -4.98356330262921E-02 -0.360277324808254 -0.888169643503516 0.39245977022057 21.8487212751009 -1.73985888447008 -0.981712428695879 0.106612361021801 0 0 0 0 0 0 0 0 0 0 0 0 0 0 0 0 0 0 0 0 0 0
39.8 -6.23594063440043E-02 -4.06546667849135E-02 -9.04816692907918E-03 5.80459919644323E-02 0.303968359592004 7.09041592997789E-02 -0.132132413060621 -0.143085554488767 -2.99446759159043E-02 -8.1918951836822E-03 0.173318227109047 -0.2996414983318 -0.509563960556474 0.796799772523366 21.850199420088 -1.7365018557548 -0.979311063709113 0.10655772606128 0 0 0 0 0 0 0 0 0 0 0 0 0 0 0 0 0 0 0 0 0 0
40 5.68493120062889E-02 -9.36911885568253E-02 -0.152122165397821 -0.249525833357842 0.273598999153637 0.077700142537286 -0.285347763741592 -6.61448418670863E-02 0.053658487071755 -7.03949548857425E-02 0.355786359836935 -7.33731111572438E-02 -4.91228244346356E-02 0.886746935823234 21.8520649551785 -1.72190253419286 -0.980332627239676 0.107330275384368 0 0 0 0 0 0 0 0 0 0 0 0 0 0 0 0 0 0 0 0 0 0
