0.2000,0.0323,0.0034,0.0005,0.0000,0.0069,-18.51,6.05,0.03,0.00,12.09
0.3000,0.0324,0.0034,0.0005,0.0000,0.0069,-28.49,5.97,0.03,0.00,11.95
0.4000,0.0323,0.0034,0.0005,0.0000,0.0069,-38.55,5.97,0.03,0.00,11.94
0.5000,0.0322,0.0034,0.0005,0.0000,0.0068,-48.56,5.98,0.03,0.00,11.96
0.6000,0.0322,0.0034,0.0005,0.0000,0.0068,-58.84,5.99,0.03,0.00,11.98
0.7000,0.0319,0.0034,0.0005,0.0000,0.0069,-69.45,6.03,0.03,0.00,12.07
0.8000,0.0316,0.0034,0.0006,0.0000,0.0069,-80.17,6.09,0.03,0.00,12.19
0.9000,0.0313,0.0034,0.0006,0.0000,0.0069,-90.92,6.16,0.03,0.00,12.32
1.0000,0.0309,0.0034,0.0006,0.0000,0.0069,-101.72,6.23,0.03,0.00,12.45
1.1000,0.0306,0.0034,0.0006,0.0000,0.0069,-113.02,6.30,0.03,0.00,12.59
1.2000,0.0301,0.0034,0.0006,0.0000,0.0069,-123.69,6.41,0.03,0.00,12.82
1.3000,0.0294,0.0034,0.0006,0.0000,0.0069,-133.66,6.57,0.03,0.00,13.13
1.4000,0.0289,0.0034,0.0006,0.0000,0.0069,-142.95,6.68,0.03,0.00,13.36
1.5000,0.0285,0.0034,0.0006,0.0000,0.0069,-152.25,6.77,0.03,0.00,13.53
1.6000,0.0286,0.0034,0.0006,0.0000,0.0069,-163.01,6.76,0.03,0.00,13.53
1.7000,0.0285,0.0034,0.0006,0.0000,0.0069,-174.29,6.79,0.03,0.00,13.59
1.8000,0.0284,0.0034,0.0006,0.0000,0.0069,174.38,6.81,0.03,0.00,13.63
1.9000,0.0284,0.0034,0.0006,0.0000,0.0069,162.97,6.82,0.03,0.00,13.64
2.0000,0.0285,0.0034,0.0006,0.0000,0.0069,151.55,6.81,0.03,0.00,13.61
2.1000,0.0285,0.0034,0.0006,0.0000,0.0070,140.12,6.81,0.03,0.00,13.61
2.2000,0.0284,0.0034,0.0006,0.0000,0.0070,128.70,6.83,0.03,0.00,13.66
2.3000,0.0282,0.0034,0.0006,0.0000,0.0070,117.55,6.87,0.04,0.00,13.75
2.4000,0.0281,0.0034,0.0006,0.0000,0.0070,106.30,6.90,0.04,0.00,13.81
2.5000,0.0280,0.0034,0.0006,0.0000,0.0070,95.19,6.94,0.04,0.00,13.87
2.6000,0.0279,0.0034,0.0006,0.0000,0.0070,83.83,6.97,0.04,0.00,13.93
2.7000,0.0278,0.0034,0.0006,0.0000,0.0070,72.63,7.00,0.04,0.00,14.00
2.8000,0.0277,0.0034,0.0006,0.0000,0.0070,61.72,7.01,0.04,0.00,14.02
2.9000,0.0280,0.0035,0.0006,0.0000,0.0070,50.71,6.95,0.04,0.00,13.90
3.0000,0.0285,0.0035,0.0006,0.0000,0.0070,39.49,6.84,0.04,0.00,13.68
3.1000,0.0289,0.0035,0.0006,0.0000,0.0070,28.37,6.75,0.04,0.00,13.50
3.2000,0.0291,0.0035,0.0007,0.0000,0.0070,17.78,6.71,0.04,0.00,13.41
3.3000,0.0294,0.0035,0.0007,0.0000,0.0071,7.00,6.63,0.04,0.00,13.27
3.4000,0.0298,0.0035,0.0007,0.0000,0.0071,-3.94,6.56,0.04,0.00,13.13
3.5000,0.0299,0.0035,0.0007,0.0000,0.0071,-15.20,6.53,0.04,0.00,13.05
3.6000,0.0300,0.0035,0.0007,0.0000,0.0071,-26.22,6.52,0.04,0.00,13.03
3.7000,0.0302,0.0035,0.0007,0.0000,0.0071,-36.98,6.49,0.04,0.00,12.97
3.8000,0.0303,0.0035,0.0007,0.0000,0.0071,-47.75,6.46,0.04,0.00,12.92
3.9000,0.0304,0.0035,0.0007,0.0000,0.0071,-58.57,6.43,0.04,0.00,12.87
4.0000,0.0305,0.0035,0.0007,0.0000,0.0071,-69.16,6.43,0.04,0.00,12.86
4.1000,0.0305,0.0035,0.0007,0.0000,0.0071,-79.45,6.43,0.04,0.00,12.86
4.2000,0.0306,0.0035,0.0007,0.0000,0.0071,-89.64,6.41,0.04,0.00,12.83
4.3000,0.0308,0.0035,0.0007,0.0000,0.0071,-99.82,6.38,0.04,0.00,12.76
4.4000,0.0309,0.0035,0.0007,0.0000,0.0071,-110.22,6.35,0.04,0.00,12.70
4.5000,0.0310,0.0035,0.0007,0.0000,0.0071,-120.61,6.33,0.04,0.00,12.66
4.6000,0.0312,0.0035,0.0007,0.0000,0.0072,-130.94,6.30,0.04,0.00,12.61
4.7000,0.0315,0.0035,0.0007,0.0000,0.0072,-141.35,6.25,0.04,0.00,12.50
4.8000,0.0317,0.0035,0.0007,0.0000,0.0072,-151.91,6.21,0.04,0.00,12.43
4.9000,0.0318,0.0035,0.0007,0.0000,0.0072,-162.52,6.20,0.04,0.00,12.40
5.0000,0.0316,0.0035,0.0007,0.0000,0.0072,-173.16,6.24,0.04,0.00,12.48
5.1000,0.0313,0.0035,0.0007,0.0000,0.0072,176.33,6.30,0.04,0.00,12.60
5.2000,0.0310,0.0035,0.0007,0.0000,0.0072,165.83,6.35,0.04,0.00,12.70
5.3000,0.0309,0.0035,0.0008,0.0000,0.0072,155.08,6.39,0.04,0.00,12.78
5.4000,0.0306,0.0035,0.0008,0.0000,0.0072,144.45,6.44,0.04,0.00,12.89
5.5000,0.0305,0.0035,0.0008,0.0000,0.0072,134.14,6.47,0.04,0.00,12.95
5.6000,0.0306,0.0035,0.0008,0.0000,0.0072,124.03,6.45,0.04,0.00,12.90
5.7000,0.0310,0.0035,0.0008,0.0000,0.0072,113.96,6.38,0.04,0.00,12.76
5.8000,0.0312,0.0035,0.0008,0.0000,0.0073,103.95,6.33,0.04,0.00,12.67
5.9000,0.0315,0.0035,0.0008,0.0000,0.0073,94.29,6.29,0.05,0.00,12.57
6.0000,0.0318,0.0035,0.0008,0.0000,0.0073,84.96,6.23,0.05,0.00,12.46
6.1000,0.0322,0.0035,0.0008,0.0000,0.0073,75.46,6.15,0.05,0.00,12.30
6.2000,0.0325,0.0036,0.0008,0.0000,0.0073,65.57,6.10,0.05,0.00,12.21
6.3000,0.0325,0.0036,0.0008,0.0000,0.0073,55.45,6.09,0.05,0.00,12.19
6.4000,0.0325,0.0036,0.0008,0.0000,0.0073,45.17,6.11,0.05,0.00,12.22
6.5000,0.0324,0.0036,0.0008,0.0000,0.0073,34.72,6.12,0.05,0.00,12.25
6.6000,0.0323,0.0036,0.0008,0.0000,0.0073,24.28,6.15,0.05,0.00,12.31
6.7000,0.0319,0.0036,0.0008,0.0000,0.0073,14.24,6.22,0.05,0.00,12.45
6.8000,0.0314,0.0036,0.0008,0.0000,0.0073,4.67,6.32,0.05,0.00,12.65
6.9000,0.0309,0.0036,0.0008,0.0000,0.0073,-4.64,6.42,0.05,0.00,12.84
7.0000,0.0304,0.0036,0.0008,0.0000,0.0073,-13.97,6.53,0.05,0.00,13.07
7.1000,0.0297,0.0036,0.0009,0.0000,0.0074,-23.23,6.68,0.05,0.00,13.37
7.2000,0.0290,0.0036,0.0009,0.0000,0.0074,-32.32,6.86,0.05,0.00,13.72
7.3000,0.0283,0.0036,0.0009,0.0000,0.0074,-41.40,7.04,0.05,0.00,14.08
7.4000,0.0275,0.0036,0.0009,0.0000,0.0074,-50.90,7.22,0.05,0.00,14.45
7.5000,0.0269,0.0036,0.0009,0.0000,0.0074,-60.50,7.40,0.05,0.00,14.80
7.6000,0.0263,0.0036,0.0009,0.0000,0.0074,-70.14,7.56,0.05,0.00,15.12
7.7000,0.0260,0.0036,0.0009,0.0000,0.0074,-80.41,7.65,0.05,0.00,15.29
7.8000,0.0255,0.0036,0.0009,0.0000,0.0074,-90.92,7.81,0.05,0.00,15.61
7.9000,0.0247,0.0036,0.0009,0.0000,0.0074,-101.46,8.05,0.05,0.00,16.10
8.0000,0.0239,0.0036,0.0009,0.0000,0.0074,-112.38,8.34,0.05,0.00,16.69
8.1000,0.0228,0.0036,0.0009,0.0000,0.0074,-123.50,8.72,0.05,0.00,17.44
8.2000,0.0217,0.0036,0.0009,0.0000,0.0074,-134.83,9.19,0.05,0.00,18.37
8.3000,0.0205,0.0036,0.0009,0.0000,0.0075,-146.44,9.70,0.05,0.00,19.40
8.4000,0.0194,0.0036,0.0009,0.0000,0.0075,-158.36,10.22,0.05,0.00,20.45
8.5000,0.0185,0.0036,0.0009,0.0000,0.0075,-171.04,10.72,0.05,0.00,21.43
8.6000,0.0177,0.0036,0.0009,0.0000,0.0075,175.79,11.21,0.05,0.00,22.42
8.7000,0.0170,0.0036,0.0010,0.0000,0.0075,162.33,11.67,0.05,0.00,23.34
8.8000,0.0165,0.0036,0.0010,0.0000,0.0075,148.68,12.03,0.06,0.00,24.06
8.9000,0.0161,0.0036,0.0010,0.0000,0.0075,133.88,12.34,0.06,0.00,24.68
9.0000,0.0158,0.0036,0.0010,0.0000,0.0075,118.11,12.56,0.06,0.00,25.12
9.1000,0.0157,0.0036,0.0010,0.0000,0.0075,101.62,12.65,0.06,0.00,25.30
9.2000,0.0158,0.0036,0.0010,0.0000,0.0075,85.08,12.55,0.06,0.00,25.10
9.3000,0.0163,0.0036,0.0010,0.0000,0.0075,68.78,12.17,0.06,0.00,24.34
9.4000,0.0171,0.0036,0.0010,0.0000,0.0075,53.21,11.67,0.06,0.00,23.35
9.5000,0.0180,0.0036,0.0010,0.0000,0.0076,38.72,11.07,0.06,0.00,22.14
9.6000,0.0190,0.0036,0.0010,0.0000,0.0076,25.33,10.52,0.06,0.00,21.03
9.7000,0.0200,0.0036,0.0010,0.0000,0.0076,12.99,9.97,0.06,0.00,19.94
9.8000,0.0212,0.0036,0.0010,0.0000,0.0076,1.30,9.45,0.06,0.00,18.91
9.9000,0.0222,0.0037,0.0010,0.0000,0.0076,-9.83,9.04,0.06,0.00,18.07
10.0000,0.0232,0.0037,0.0010,0.0000,0.0076,-20.46,8.63,0.06,0.00,17.27
10.1000,0.0244,0.0037,0.0011,0.0000,0.0076,-30.83,8.24,0.06,0.00,16.47
10.2000,0.0256,0.0037,0.0011,0.0000,0.0076,-40.96,7.84,0.06,0.00,15.69
10.3000,0.0269,0.0037,0.0011,0.0000,0.0076,-50.92,7.47,0.06,0.00,14.95
10.4000,0.0284,0.0037,0.0011,0.0000,0.0076,-60.76,7.09,0.06,0.00,14.18
10.5000,0.0298,0.0037,0.0011,0.0000,0.0076,-70.46,6.76,0.06,0.00,13.51
10.6000,0.0312,0.0037,0.0011,0.0000,0.0077,-80.18,6.47,0.06,0.00,12.93
10.7000,0.0324,0.0037,0.0011,0.0000,0.0077,-89.85,6.23,0.06,0.00,12.47
10.8000,0.0334,0.0037,0.0011,0.0000,0.0077,-99.51,6.04,0.06,0.00,12.08
10.9000,0.0344,0.0037,0.0011,0.0000,0.0077,-109.21,5.87,0.06,0.00,11.75
11.0000,0.0352,0.0037,0.0011,0.0000,0.0077,-118.85,5.75,0.06,0.00,11.50
11.1000,0.0358,0.0037,0.0011,0.0000,0.0077,-128.35,5.66,0.06,0.00,11.32
11.2000,0.0362,0.0037,0.0011,0.0000,0.0077,-137.67,5.59,0.07,0.00,11.19
11.3000,0.0364,0.0037,0.0011,0.0000,0.0077,-146.84,5.57,0.07,0.00,11.13
11.4000,0.0365,0.0037,0.0012,0.0000,0.0077,-156.06,5.54,0.07,0.00,11.08
11.5000,0.0368,0.0037,0.0012,0.0000,0.0077,-165.09,5.50,0.07,0.00,11.01
11.6000,0.0370,0.0037,0.0012,0.0000,0.0077,-174.07,5.48,0.07,0.00,10.97
11.7000,0.0370,0.0037,0.0012,0.0000,0.0078,176.93,5.48,0.07,0.00,10.96
11.8000,0.0368,0.0037,0.0012,0.0000,0.0078,167.66,5.51,0.07,0.00,11.01
11.9000,0.0367,0.0037,0.0012,0.0000,0.0078,158.00,5.52,0.07,0.00,11.05
12.0000,0.0367,0.0037,0.0012,0.0000,0.0078,147.94,5.53,0.07,0.00,11.07
12.1000,0.0364,0.0037,0.0012,0.0000,0.0078,137.69,5.57,0.07,0.00,11.15
12.2000,0.0361,0.0037,0.0012,0.0000,0.0078,127.41,5.63,0.07,0.00,11.25
12.3000,0.0358,0.0037,0.0012,0.0000,0.0078,116.71,5.67,0.07,0.00,11.34
12.4000,0.0355,0.0037,0.0012,0.0000,0.0078,105.76,5.73,0.07,0.00,11.47
12.5000,0.0352,0.0037,0.0012,0.0000,0.0078,94.84,5.78,0.07,0.00,11.56
12.6000,0.0350,0.0037,0.0013,0.0000,0.0078,83.88,5.81,0.07,0.00,11.62
12.7000,0.0349,0.0037,0.0013,0.0000,0.0079,72.71,5.83,0.07,0.00,11.67
12.8000,0.0348,0.0037,0.0013,0.0000,0.0079,61.16,5.84,0.07,0.00,11.68
12.9000,0.0351,0.0037,0.0013,0.0000,0.0079,49.60,5.80,0.07,0.00,11.61
13.0000,0.0356,0.0037,0.0013,0.0000,0.0079,38.21,5.72,0.07,0.00,11.43
13.1000,0.0363,0.0037,0.0013,0.0000,0.0079,26.76,5.61,0.07,0.00,11.22
13.2000,0.0372,0.0037,0.0013,0.0000,0.0079,15.25,5.49,0.07,0.00,10.98
13.3000,0.0381,0.0037,0.0013,0.0000,0.0079,3.63,5.36,0.08,0.00,10.72
13.4000,0.0393,0.0037,0.0013,0.0000,0.0079,-7.98,5.20,0.08,0.00,10.40
13.5000,0.0406,0.0037,0.0013,0.0000,0.0079,-19.38,5.04,0.08,0.00,10.08
13.6000,0.0418,0.0037,0.0013,0.0000,0.0079,-30.50,4.89,0.08,0.00,9.78
13.7000,0.0429,0.0037,0.0013,0.0000,0.0080,-41.35,4.77,0.08,0.00,9.54
13.8000,0.0441,0.0037,0.0014,0.0000,0.0080,-52.06,4.64,0.08,0.00,9.28
13.9000,0.0453,0.0037,0.0014,0.0000,0.0080,-62.73,4.52,0.08,0.00,9.04
14.0000,0.0465,0.0038,0.0014,0.0000,0.0080,-72.92,4.41,0.08,0.00,8.82
14.1000,0.0476,0.0038,0.0014,0.0000,0.0080,-82.68,4.31,0.08,0.00,8.63
14.2000,0.0488,0.0038,0.0014,0.0000,0.0080,-92.30,4.21,0.08,0.00,8.42
14.3000,0.0500,0.0038,0.0014,0.0000,0.0080,-102.03,4.11,0.08,0.00,8.23
14.4000,0.0511,0.0038,0.0014,0.0000,0.0080,-111.58,4.03,0.08,0.00,8.05
14.5000,0.0524,0.0038,0.0014,0.0000,0.0080,-120.79,3.93,0.08,0.00,7.86
14.6000,0.0538,0.0038,0.0014,0.0000,0.0081,-129.84,3.83,0.08,0.00,7.66
14.7000,0.0552,0.0038,0.0014,0.0000,0.0081,-138.94,3.74,0.08,0.00,7.48
14.8000,0.0562,0.0038,0.0015,0.0000,0.0081,-148.22,3.68,0.08,0.00,7.35
14.9000,0.0570,0.0038,0.0015,0.0000,0.0081,-157.46,3.63,0.08,0.00,7.26
15.0000,0.0578,0.0038,0.0015,0.0000,0.0081,-166.59,3.58,0.08,0.00,7.16
15.1000,0.0584,0.0038,0.0015,0.0000,0.0081,-176.05,3.55,0.09,0.00,7.09
15.2000,0.0586,0.0038,0.0015,0.0000,0.0081,174.56,3.54,0.09,0.00,7.07
15.3000,0.0587,0.0038,0.0015,0.0000,0.0081,165.46,3.53,0.09,0.00,7.05
15.4000,0.0589,0.0038,0.0015,0.0000,0.0082,156.30,3.52,0.09,0.00,7.04
15.5000,0.0591,0.0038,0.0015,0.0000,0.0082,147.17,3.51,0.09,0.00,7.02
15.6000,0.0590,0.0038,0.0015,0.0000,0.0082,137.99,3.51,0.09,0.00,7.03
15.7000,0.0588,0.0038,0.0015,0.0000,0.0082,129.05,3.53,0.09,0.00,7.06
15.8000,0.0587,0.0038,0.0016,0.0000,0.0082,120.15,3.54,0.09,0.00,7.08
15.9000,0.0584,0.0038,0.0016,0.0000,0.0082,111.20,3.56,0.09,0.00,7.12
16.0000,0.0580,0.0038,0.0016,0.0000,0.0082,102.23,3.58,0.09,0.00,7.16
16.1000,0.0577,0.0038,0.0016,0.0000,0.0082,93.23,3.60,0.09,0.00,7.21
16.2000,0.0574,0.0038,0.0016,0.0000,0.0082,83.97,3.62,0.09,0.00,7.24
16.3000,0.0574,0.0038,0.0016,0.0000,0.0083,74.56,3.62,0.09,0.00,7.25
16.4000,0.0571,0.0038,0.0016,0.0000,0.0083,65.04,3.64,0.09,0.00,7.28
16.5000,0.0570,0.0038,0.0016,0.0000,0.0083,55.50,3.65,0.09,0.00,7.30
16.6000,0.0568,0.0038,0.0016,0.0000,0.0083,45.85,3.66,0.09,0.00,7.33
16.7000,0.0565,0.0038,0.0017,0.0000,0.0083,36.12,3.69,0.10,0.00,7.38
16.8000,0.0560,0.0038,0.0017,0.0000,0.0083,26.56,3.72,0.10,0.00,7.44
16.9000,0.0555,0.0038,0.0017,0.0000,0.0083,16.98,3.75,0.10,0.00,7.50
17.0000,0.0551,0.0038,0.0017,0.0000,0.0084,7.35,3.78,0.10,0.00,7.56
17.1000,0.0544,0.0038,0.0017,0.0000,0.0084,-2.56,3.83,0.10,0.00,7.66
17.2000,0.0537,0.0038,0.0017,0.0000,0.0084,-12.37,3.88,0.10,0.00,7.77
17.3000,0.0533,0.0038,0.0017,0.0000,0.0084,-22.21,3.91,0.10,0.00,7.82
17.4000,0.0532,0.0038,0.0017,0.0000,0.0084,-32.01,3.92,0.10,0.00,7.83
17.5000,0.0530,0.0038,0.0018,0.0000,0.0084,-42.33,3.93,0.10,0.00,7.87
17.6000,0.0527,0.0038,0.0018,0.0000,0.0084,-52.56,3.96,0.10,0.00,7.93
17.7000,0.0524,0.0038,0.0018,0.0000,0.0085,-62.59,3.98,0.10,0.00,7.96
17.8000,0.0526,0.0038,0.0018,0.0000,0.0085,-72.31,3.97,0.10,0.00,7.93
17.9000,0.0523,0.0038,0.0018,0.0000,0.0085,-82.24,3.99,0.10,0.00,7.99
18.0000,0.0516,0.0038,0.0018,0.0000,0.0085,-92.17,4.05,0.10,0.00,8.09
18.1000,0.0507,0.0038,0.0018,0.0000,0.0085,-101.80,4.12,0.10,0.00,8.24
18.2000,0.0502,0.0038,0.0018,0.0000,0.0085,-111.45,4.16,0.11,0.00,8.33
18.3000,0.0498,0.0038,0.0019,0.0000,0.0085,-121.26,4.19,0.11,0.00,8.39
18.4000,0.0491,0.0038,0.0019,0.0000,0.0086,-131.22,4.25,0.11,0.00,8.51
18.5000,0.0482,0.0039,0.0019,0.0000,0.0086,-140.95,4.33,0.11,0.00,8.67
18.6000,0.0476,0.0039,0.0019,0.0000,0.0086,-150.63,4.39,0.11,0.00,8.79
18.7000,0.0472,0.0039,0.0019,0.0000,0.0086,-160.65,4.43,0.11,0.00,8.86
18.8000,0.0466,0.0039,0.0019,0.0000,0.0086,-170.91,4.49,0.11,0.00,8.97
18.9000,0.0458,0.0039,0.0019,0.0000,0.0086,179.01,4.56,0.11,0.00,9.13
19.0000,0.0446,0.0039,0.0019,0.0000,0.0086,168.90,4.68,0.11,0.00,9.36
19.1000,0.0435,0.0039,0.0020,0.0000,0.0087,158.25,4.80,0.11,0.00,9.60
19.2000,0.0423,0.0039,0.0020,0.0000,0.0087,147.32,4.94,0.11,0.00,9.88
19.3000,0.0411,0.0039,0.0020,0.0000,0.0087,136.00,5.08,0.11,0.00,10.17
19.4000,0.0397,0.0039,0.0020,0.0000,0.0087,125.02,5.26,0.11,0.00,10.52
19.5000,0.0382,0.0039,0.0020,0.0000,0.0087,113.83,5.46,0.12,0.00,10.93
19.6000,0.0369,0.0039,0.0020,0.0000,0.0087,102.27,5.65,0.12,0.00,11.31
19.7000,0.0357,0.0039,0.0020,0.0000,0.0088,90.43,5.84,0.12,0.00,11.69
19.8000,0.0346,0.0039,0.0021,0.0000,0.0088,78.40,6.02,0.12,0.00,12.04
19.9000,0.0336,0.0039,0.0021,0.0000,0.0088,66.55,6.19,0.12,0.00,12.39
20.0000,0.0329,0.0039,0.0021,0.0000,0.0088,54.67,6.33,0.12,0.00,12.66
20.1000,0.0325,0.0039,0.0021,0.0000,0.0088,42.53,6.41,0.12,0.00,12.82
20.2000,0.0324,0.0039,0.0021,0.0000,0.0089,30.06,6.43,0.12,0.00,12.87
20.3000,0.0324,0.0039,0.0021,0.0000,0.0089,17.58,6.44,0.12,0.00,12.88
20.4000,0.0323,0.0039,0.0021,0.0000,0.0089,5.20,6.45,0.12,0.00,12.90
20.5000,0.0327,0.0039,0.0022,0.0000,0.0089,-6.94,6.38,0.12,0.00,12.76
20.6000,0.0333,0.0039,0.0022,0.0000,0.0089,-18.90,6.26,0.12,0.00,12.53
20.7000,0.0340,0.0039,0.0022,0.0000,0.0089,-31.12,6.14,0.13,0.00,12.29
20.8000,0.0344,0.0039,0.0022,0.0000,0.0090,-43.03,6.08,0.13,0.00,12.16
20.9000,0.0350,0.0039,0.0022,0.0000,0.0090,-54.17,5.98,0.13,0.00,11.96
21.0000,0.0358,0.0039,0.0022,0.0000,0.0090,-65.33,5.84,0.13,0.00,11.68
21.1000,0.0370,0.0039,0.0022,0.0000,0.0090,-76.21,5.66,0.13,0.00,11.33
21.2000,0.0377,0.0039,0.0023,0.0000,0.0090,-87.17,5.57,0.13,0.00,11.14
21.3000,0.0381,0.0039,0.0023,0.0000,0.0091,-97.95,5.50,0.13,0.00,11.01
21.4000,0.0387,0.0039,0.0023,0.0000,0.0091,-108.63,5.43,0.13,0.00,10.86
21.5000,0.0398,0.0039,0.0023,0.0000,0.0091,-119.51,5.29,0.13,0.00,10.57
21.6000,0.0407,0.0039,0.0023,0.0000,0.0091,-130.56,5.17,0.13,0.00,10.35
21.7000,0.0411,0.0039,0.0023,0.0000,0.0091,-141.85,5.13,0.13,0.00,10.25
21.8000,0.0412,0.0039,0.0024,0.0000,0.0092,-152.45,5.10,0.14,0.00,10.21
21.9000,0.0419,0.0039,0.0024,0.0000,0.0092,-163.42,5.02,0.14,0.00,10.05
22.0000,0.0431,0.0039,0.0024,0.0000,0.0092,-174.51,4.90,0.14,0.00,9.80
22.1000,0.0435,0.0039,0.0024,0.0000,0.0092,174.32,4.85,0.14,0.00,9.71
22.2000,0.0436,0.0039,0.0024,0.0000,0.0092,164.38,4.85,0.14,0.00,9.70
22.3000,0.0434,0.0039,0.0024,0.0000,0.0093,154.48,4.87,0.14,0.00,9.75
22.4000,0.0431,0.0039,0.0025,0.0000,0.0093,144.35,4.90,0.14,0.00,9.80
22.5000,0.0428,0.0039,0.0025,0.0000,0.0093,133.50,4.94,0.14,0.00,9.89
22.6000,0.0433,0.0039,0.0025,0.0000,0.0093,122.77,4.89,0.14,0.00,9.78
22.7000,0.0447,0.0039,0.0025,0.0000,0.0093,112.07,4.74,0.14,0.00,9.48
22.8000,0.0463,0.0039,0.0025,0.0000,0.0094,100.74,4.58,0.14,0.00,9.17
22.9000,0.0479,0.0039,0.0025,0.0000,0.0094,89.33,4.43,0.15,0.00,8.87
23.0000,0.0496,0.0039,0.0026,0.0000,0.0094,78.36,4.29,0.15,0.00,8.59
23.1000,0.0508,0.0039,0.0026,0.0000,0.0094,67.82,4.19,0.15,0.00,8.38
23.2000,0.0521,0.0040,0.0026,0.0000,0.0095,57.45,4.10,0.15,0.00,8.20
23.3000,0.0533,0.0040,0.0026,0.0000,0.0095,47.03,4.01,0.15,0.00,8.03
23.4000,0.0546,0.0040,0.0026,0.0000,0.0095,36.17,3.92,0.15,0.00,7.84
23.5000,0.0560,0.0040,0.0027,0.0000,0.0095,25.09,3.83,0.15,0.00,7.66
23.6000,0.0581,0.0040,0.0027,0.0000,0.0096,13.67,3.70,0.15,0.00,7.40
23.7000,0.0615,0.0040,0.0027,0.0000,0.0096,0.96,3.50,0.15,0.00,7.02
23.8000,0.0674,0.0040,0.0027,0.0000,0.0096,-14.77,3.21,0.16,0.00,6.44
23.9000,0.0702,0.0040,0.0027,0.0000,0.0096,-30.84,3.10,0.16,0.00,6.20
24.0000,0.0671,0.0040,0.0027,0.0000,0.0097,-40.43,3.23,0.16,0.00,6.47
24.1000,0.0650,0.0040,0.0028,0.0000,0.0097,-48.02,3.33,0.16,0.00,6.67
24.2000,0.0651,0.0040,0.0028,0.0000,0.0097,-56.16,3.33,0.16,0.00,6.67
24.3000,0.0661,0.0040,0.0028,0.0000,0.0097,-65.11,3.28,0.16,0.00,6.57
24.4000,0.0675,0.0040,0.0028,0.0000,0.0098,-74.89,3.22,0.16,0.00,6.45
24.5000,0.0689,0.0040,0.0028,0.0000,0.0098,-84.79,3.16,0.16,0.00,6.33
24.6000,0.0705,0.0040,0.0029,0.0000,0.0098,-94.43,3.10,0.16,0.00,6.20
24.7000,0.0729,0.0040,0.0029,0.0000,0.0098,-103.96,3.01,0.17,0.00,6.02
24.8000,0.0753,0.0040,0.0029,0.0000,0.0099,-114.06,2.92,0.17,0.00,5.85
24.9000,0.0773,0.0040,0.0029,0.0000,0.0099,-124.25,2.85,0.17,0.00,5.71
25.0000,0.0793,0.0040,0.0029,0.0000,0.0099,-133.51,2.79,0.17,0.00,5.59
25.1000,0.0810,0.0040,0.0030,0.0000,0.0099,-143.48,2.74,0.17,0.00,5.48
25.2000,0.0827,0.0040,0.0030,0.0000,0.0100,-152.94,2.69,0.17,0.00,5.39
25.3000,0.0840,0.0040,0.0030,0.0000,0.0100,-162.41,2.65,0.17,0.00,5.32
25.4000,0.0839,0.0040,0.0030,0.0000,0.0100,-171.05,2.66,0.17,0.00,5.33
25.5000,0.0843,0.0040,0.0030,0.0000,0.0101,-179.17,2.65,0.17,0.00,5.31
25.6000,0.0860,0.0040,0.0031,0.0000,0.0101,172.25,2.60,0.18,0.00,5.22
25.7000,0.0875,0.0040,0.0031,0.0000,0.0101,162.92,2.57,0.18,0.00,5.15
25.8000,0.0884,0.0040,0.0031,0.0000,0.0101,153.77,2.54,0.18,0.00,5.10
25.9000,0.0896,0.0040,0.0031,0.0000,0.0102,144.96,2.52,0.18,0.00,5.05
26.0000,0.0912,0.0040,0.0032,0.0000,0.0102,136.08,2.48,0.18,0.00,4.97
26.1000,0.0926,0.0040,0.0032,0.0000,0.0102,126.98,2.45,0.18,0.00,4.91
26.2000,0.0933,0.0040,0.0032,0.0000,0.0103,117.84,2.43,0.18,0.00,4.88
26.3000,0.0938,0.0040,0.0032,0.0000,0.0103,108.81,2.43,0.18,0.00,4.87
26.4000,0.0942,0.0040,0.0032,0.0000,0.0103,99.92,2.42,0.19,0.00,4.85
26.5000,0.0944,0.0040,0.0033,0.0000,0.0104,90.94,2.42,0.19,0.00,4.85
26.6000,0.0942,0.0040,0.0033,0.0000,0.0104,81.77,2.42,0.19,0.00,4.86
26.7000,0.0938,0.0040,0.0033,0.0000,0.0104,72.55,2.43,0.19,0.00,4.88
26.8000,0.0933,0.0040,0.0033,0.0000,0.0105,63.34,2.45,0.19,0.00,4.91
26.9000,0.0932,0.0040,0.0034,0.0000,0.0105,54.33,2.45,0.19,0.00,4.91
27.0000,0.0935,0.0040,0.0034,0.0000,0.0105,45.14,2.45,0.19,0.00,4.91
27.1000,0.0937,0.0040,0.0034,0.0000,0.0106,35.62,2.44,0.20,0.00,4.90
27.2000,0.0933,0.0040,0.0034,0.0000,0.0106,26.23,2.45,0.20,0.00,4.92
27.3000,0.0930,0.0040,0.0035,0.0000,0.0106,16.89,2.46,0.20,0.00,4.94
27.4000,0.0928,0.0040,0.0035,0.0000,0.0107,7.30,2.47,0.20,0.00,4.95
27.5000,0.0930,0.0040,0.0035,0.0000,0.0107,-2.66,2.47,0.20,0.00,4.95
27.6000,0.0925,0.0040,0.0035,0.0000,0.0107,-12.83,2.48,0.20,0.00,4.97
27.7000,0.0918,0.0040,0.0035,0.0000,0.0108,-22.85,2.50,0.20,0.00,5.01
27.8000,0.0916,0.0040,0.0036,0.0000,0.0108,-32.42,2.50,0.20,0.00,5.02
27.9000,0.0917,0.0040,0.0036,0.0000,0.0108,-42.20,2.50,0.21,0.00,5.02
28.0000,0.0911,0.0040,0.0036,0.0000,0.0109,-52.13,2.52,0.21,0.00,5.06
28.1000,0.0899,0.0040,0.0036,0.0000,0.0109,-61.94,2.55,0.21,0.00,5.11
28.2000,0.0891,0.0041,0.0037,0.0000,0.0109,-71.29,2.57,0.21,0.00,5.16
28.3000,0.0888,0.0041,0.0037,0.0000,0.0110,-80.71,2.58,0.21,0.00,5.18
28.4000,0.0885,0.0041,0.0037,0.0000,0.0110,-90.56,2.59,0.21,0.00,5.20
28.5000,0.0874,0.0041,0.0037,0.0000,0.0111,-100.42,2.62,0.21,0.00,5.25
28.6000,0.0863,0.0041,0.0038,0.0000,0.0111,-109.91,2.65,0.22,0.00,5.32
28.7000,0.0858,0.0041,0.0038,0.0000,0.0111,-119.49,2.66,0.22,0.00,5.35
28.8000,0.0856,0.0041,0.0038,0.0000,0.0112,-129.47,2.67,0.22,0.00,5.36
28.9000,0.0847,0.0041,0.0039,0.0000,0.0112,-139.68,2.70,0.22,0.00,5.41
29.0000,0.0834,0.0041,0.0039,0.0000,0.0112,-149.45,2.74,0.22,0.00,5.49
29.1000,0.0818,0.0041,0.0039,0.0000,0.0113,-158.74,2.78,0.22,0.00,5.59
29.2000,0.0803,0.0041,0.0039,0.0000,0.0113,-168.34,2.83,0.23,0.00,5.68
29.3000,0.0786,0.0041,0.0040,0.0000,0.0114,-178.56,2.89,0.23,0.00,5.79
29.4000,0.0763,0.0041,0.0040,0.0000,0.0114,171.30,2.96,0.23,0.00,5.94
29.5000,0.0745,0.0041,0.0040,0.0000,0.0114,161.54,3.03,0.23,0.00,6.08
29.6000,0.0731,0.0041,0.0040,0.0000,0.0115,151.90,3.08,0.23,0.00,6.18
29.7000,0.0720,0.0041,0.0041,0.0000,0.0115,142.11,3.13,0.23,0.00,6.27
29.8000,0.0701,0.0041,0.0041,0.0000,0.0116,132.06,3.20,0.24,0.00,6.42
29.9000,0.0682,0.0041,0.0041,0.0000,0.0116,122.27,3.28,0.24,0.00,6.59
30.0000,0.0663,0.0041,0.0042,0.0000,0.0117,112.64,3.37,0.24,0.00,6.76
30.1000,0.0644,0.0041,0.0042,0.0000,0.0117,103.43,3.46,0.24,0.00,6.94
30.2000,0.0618,0.0041,0.0042,0.0000,0.0118,93.68,3.59,0.24,0.00,7.21
30.3000,0.0587,0.0041,0.0042,0.0000,0.0118,83.05,3.77,0.24,0.00,7.56
30.4000,0.0557,0.0041,0.0043,0.0000,0.0118,71.75,3.96,0.24,0.00,7.94
30.5000,0.0533,0.0041,0.0043,0.0000,0.0119,60.24,4.13,0.25,0.00,8.27
30.6000,0.0517,0.0041,0.0043,0.0000,0.0119,47.29,4.25,0.25,0.00,8.51
30.7000,0.0477,0.0041,0.0044,0.0000,0.0120,40.20,4.59,0.25,0.00,9.19
30.8000,0.0476,0.0041,0.0044,0.0000,0.0120,26.53,4.59,0.25,0.00,9.20
30.9000,0.0455,0.0041,0.0044,0.0000,0.0121,14.16,4.80,0.25,0.00,9.61
31.0000,0.0437,0.0041,0.0045,0.0000,0.0121,2.49,4.99,0.26,0.00,9.98
31.1000,0.0427,0.0041,0.0045,0.0000,0.0122,-9.48,5.10,0.26,0.00,10.22
31.2000,0.0413,0.0041,0.0045,0.0000,0.0122,-23.10,5.27,0.26,0.00,10.56
31.3000,0.0400,0.0041,0.0045,0.0000,0.0123,-36.55,5.44,0.26,0.00,10.89
31.4000,0.0389,0.0041,0.0046,0.0000,0.0123,-48.39,5.58,0.26,0.00,11.17
31.5000,0.0400,0.0041,0.0046,0.0000,0.0124,-60.06,5.43,0.26,0.00,10.88
31.6000,0.0418,0.0041,0.0046,0.0000,0.0124,-72.20,5.21,0.27,0.00,10.44
31.7000,0.0429,0.0041,0.0047,0.0000,0.0125,-85.55,5.08,0.27,0.00,10.18
31.8000,0.0426,0.0041,0.0047,0.0000,0.0125,-98.38,5.13,0.27,0.00,10.27
31.9000,0.0423,0.0041,0.0047,0.0000,0.0126,-110.14,5.16,0.27,0.00,10.33
32.0000,0.0425,0.0041,0.0048,0.0000,0.0126,-122.77,5.13,0.27,0.00,10.28
32.1000,0.0428,0.0041,0.0048,0.0000,0.0127,-136.62,5.11,0.28,0.00,10.23
32.2000,0.0420,0.0041,0.0048,0.0000,0.0127,-150.38,5.20,0.28,0.00,10.41
32.3000,0.0417,0.0041,0.0049,0.0000,0.0128,-162.47,5.24,0.28,0.00,10.50
32.4000,0.0421,0.0041,0.0049,0.0000,0.0128,-174.31,5.19,0.28,0.00,10.40
32.5000,0.0428,0.0041,0.0049,0.0000,0.0129,172.29,5.11,0.28,0.00,10.23
32.6000,0.0430,0.0041,0.0050,0.0000,0.0129,158.96,5.09,0.29,0.00,10.19
32.7000,0.0433,0.0041,0.0050,0.0000,0.0130,146.45,5.06,0.29,0.00,10.15
32.8000,0.0445,0.0041,0.0050,0.0000,0.0131,135.26,4.94,0.29,0.00,9.90
32.9000,0.0456,0.0041,0.0051,0.0000,0.0131,123.46,4.82,0.29,0.00,9.66
33.0000,0.0463,0.0041,0.0051,0.0000,0.0132,110.98,4.76,0.29,0.00,9.53

