0.200,0.019,0.002,0.005,0.000,0.011,-17.97,0.03,0.10,0.00,0.21,
0.300,0.023,0.002,0.005,0.000,0.011,-26.92,0.03,0.10,0.00,0.21,
0.400,0.028,0.002,0.005,0.000,0.011,-35.86,0.03,0.10,0.00,0.22,
0.500,0.030,0.003,0.005,0.000,0.012,-44.80,0.03,0.10,0.00,0.22,
0.600,0.034,0.003,0.005,0.000,0.012,-53.74,0.03,0.11,0.00,0.22,
0.700,0.037,0.003,0.005,0.000,0.012,-62.68,0.03,0.11,0.00,0.22,
0.800,0.039,0.003,0.005,0.000,0.012,-71.61,0.03,0.11,0.00,0.22,
0.900,0.041,0.003,0.005,0.000,0.012,-80.55,0.03,0.11,0.00,0.23,
1.000,0.044,0.003,0.005,0.000,0.012,-89.49,0.03,0.11,0.00,0.23,
1.100,0.046,0.003,0.005,0.000,0.013,-98.40,0.09,0.11,0.00,0.28,
1.200,0.046,0.004,0.005,0.000,0.013,-107.35,0.09,0.11,0.00,0.29,
1.300,0.049,0.004,0.005,0.000,0.013,-116.29,0.09,0.11,0.00,0.29,
1.400,0.052,0.004,0.005,0.000,0.013,-125.21,0.10,0.11,0.00,0.30,
1.500,0.053,0.004,0.005,0.000,0.013,-134.15,0.10,0.11,0.00,0.31,
1.600,0.055,0.004,0.005,0.000,0.014,-143.09,0.11,0.12,0.00,0.31,
1.700,0.057,0.004,0.005,0.000,0.014,-152.00,0.11,0.12,0.00,0.32,
1.800,0.059,0.004,0.005,0.000,0.014,-160.94,0.11,0.12,0.00,0.33,
1.900,0.060,0.004,0.006,0.000,0.014,-169.88,0.12,0.12,0.00,0.33,
2.000,0.062,0.004,0.006,0.000,0.014,-178.81,0.12,0.12,0.00,0.34,
2.100,0.064,0.005,0.006,0.000,0.014,172.26,0.13,0.12,0.00,0.35,
2.200,0.065,0.005,0.006,0.000,0.015,163.33,0.13,0.12,0.00,0.36,
2.300,0.067,0.005,0.006,0.000,0.015,154.41,0.13,0.12,0.00,0.36,
2.400,0.069,0.005,0.006,0.000,0.015,145.45,0.14,0.12,0.00,0.37,
2.500,0.069,0.005,0.006,0.000,0.015,136.53,0.14,0.12,0.00,0.38,
2.600,0.071,0.005,0.006,0.000,0.015,127.62,0.15,0.13,0.00,0.39,
2.700,0.073,0.005,0.006,0.000,0.015,118.69,0.15,0.13,0.00,0.40,
2.800,0.074,0.005,0.006,0.000,0.015,109.77,0.16,0.13,0.00,0.40,
2.900,0.075,0.005,0.006,0.000,0.016,100.84,0.16,0.13,0.00,0.41,
3.000,0.076,0.005,0.006,0.000,0.016,91.90,0.17,0.13,0.00,0.42,
3.100,0.077,0.005,0.006,0.000,0.016,83.01,0.17,0.13,0.00,0.43,
3.200,0.078,0.005,0.006,0.000,0.016,74.06,0.17,0.13,0.00,0.44,
3.300,0.079,0.006,0.006,0.000,0.016,65.11,0.18,0.13,0.00,0.44,
3.400,0.080,0.006,0.006,0.000,0.016,56.20,0.18,0.13,0.00,0.45,
3.500,0.081,0.006,0.006,0.000,0.016,47.29,0.19,0.13,0.00,0.46,
3.600,0.082,0.006,0.006,0.000,0.017,38.35,0.19,0.14,0.00,0.47,
3.700,0.083,0.006,0.006,0.000,0.017,29.41,0.20,0.14,0.00,0.48,
3.800,0.084,0.006,0.006,0.000,0.017,20.49,0.20,0.14,0.00,0.49,
3.900,0.086,0.006,0.006,0.000,0.017,11.56,0.21,0.14,0.00,0.50,
4.000,0.086,0.006,0.006,0.000,0.017,2.64,0.21,0.14,0.00,0.50,
4.100,0.086,0.006,0.006,0.000,0.017,-6.29,0.22,0.14,0.00,0.51,
4.200,0.089,0.006,0.006,0.000,0.017,-15.24,0.22,0.14,0.00,0.52,
4.300,0.090,0.006,0.006,0.000,0.018,-24.15,0.22,0.14,0.00,0.53,
4.400,0.090,0.006,0.006,0.000,0.018,-33.07,0.23,0.14,0.00,0.54,
4.500,0.091,0.006,0.006,0.000,0.018,-42.00,0.23,0.14,0.00,0.55,
4.600,0.091,0.006,0.006,0.000,0.018,-50.95,0.24,0.15,0.00,0.56,
4.700,0.092,0.006,0.006,0.000,0.018,-59.87,0.24,0.15,0.00,0.57,
4.800,0.094,0.007,0.006,0.000,0.018,-68.80,0.25,0.15,0.00,0.58,
4.900,0.098,0.007,0.006,0.000,0.018,-77.73,0.25,0.15,0.00,0.58,
5.000,0.101,0.007,0.006,0.000,0.018,-86.63,0.26,0.15,0.00,0.59,
5.100,0.101,0.007,0.006,0.000,0.019,-95.54,0.26,0.15,0.00,0.60,
5.200,0.100,0.007,0.006,0.000,0.019,-104.47,0.27,0.15,0.00,0.61,
5.300,0.099,0.007,0.006,0.000,0.019,-113.40,0.27,0.15,0.00,0.62,
5.400,0.099,0.007,0.006,0.000,0.019,-122.33,0.27,0.15,0.00,0.63,
5.500,0.100,0.007,0.006,0.000,0.019,-131.26,0.28,0.15,0.00,0.64,
5.600,0.102,0.007,0.007,0.000,0.019,-140.19,0.28,0.15,0.00,0.65,
5.700,0.102,0.007,0.007,0.000,0.019,-149.11,0.29,0.16,0.00,0.66,
5.800,0.103,0.007,0.007,0.000,0.019,-158.04,0.29,0.16,0.00,0.67,
5.900,0.104,0.007,0.007,0.000,0.020,-166.97,0.30,0.16,0.00,0.67,
6.000,0.104,0.007,0.007,0.000,0.020,-175.90,0.30,0.16,0.00,0.68,
6.100,0.106,0.007,0.007,0.000,0.020,175.18,0.31,0.16,0.00,0.69,
6.200,0.106,0.007,0.007,0.000,0.020,166.25,0.31,0.16,0.00,0.70,
6.300,0.107,0.007,0.007,0.000,0.020,157.32,0.32,0.16,0.00,0.71,
6.400,0.108,0.007,0.007,0.000,0.020,148.40,0.32,0.16,0.00,0.72,
6.500,0.109,0.008,0.007,0.000,0.020,139.47,0.33,0.16,0.00,0.73,
6.600,0.110,0.008,0.007,0.000,0.020,130.54,0.33,0.16,0.00,0.74,
6.700,0.110,0.008,0.007,0.000,0.020,121.61,0.34,0.17,0.00,0.75,
6.800,0.111,0.008,0.007,0.000,0.021,112.68,0.34,0.17,0.00,0.76,
6.900,0.112,0.008,0.007,0.000,0.021,103.76,0.34,0.17,0.00,0.77,
7.000,0.113,0.008,0.007,0.000,0.021,94.84,0.35,0.17,0.00,0.78,
7.100,0.114,0.008,0.007,0.000,0.021,85.91,0.35,0.17,0.00,0.79,
7.200,0.114,0.008,0.007,0.000,0.021,76.98,0.36,0.17,0.00,0.79,
7.300,0.115,0.008,0.007,0.000,0.021,68.06,0.36,0.17,0.00,0.80,
7.400,0.116,0.008,0.007,0.000,0.021,59.13,0.37,0.17,0.00,0.81,
7.500,0.117,0.008,0.007,0.000,0.021,50.20,0.37,0.17,0.00,0.82,
7.600,0.118,0.008,0.007,0.000,0.022,41.28,0.38,0.17,0.00,0.83,
7.700,0.119,0.008,0.007,0.000,0.022,32.35,0.38,0.18,0.00,0.84,
7.800,0.119,0.008,0.007,0.000,0.022,23.42,0.39,0.18,0.00,0.85,
7.900,0.120,0.008,0.007,0.000,0.022,14.50,0.39,0.18,0.00,0.86,
8.000,0.121,0.008,0.007,0.000,0.022,5.57,0.40,0.18,0.00,0.87,
8.100,0.121,0.008,0.007,0.000,0.022,-3.35,0.40,0.18,0.00,0.88,
8.200,0.122,0.008,0.007,0.000,0.022,-12.28,0.41,0.18,0.00,0.89,
8.300,0.123,0.008,0.007,0.000,0.022,-21.21,0.41,0.18,0.00,0.90,
8.400,0.124,0.009,0.007,0.000,0.022,-30.13,0.42,0.18,0.00,0.91,
8.500,0.124,0.009,0.007,0.000,0.022,-39.06,0.42,0.18,0.00,0.92,
8.600,0.125,0.009,0.007,0.000,0.023,-47.99,0.42,0.18,0.00,0.93,
8.700,0.127,0.009,0.007,0.000,0.023,-56.91,0.43,0.19,0.00,0.94,
8.800,0.127,0.009,0.007,0.000,0.023,-65.84,0.43,0.19,0.00,0.94,
8.900,0.127,0.009,0.007,0.000,0.023,-74.77,0.44,0.19,0.00,0.95,
9.000,0.128,0.009,0.007,0.000,0.023,-83.69,0.44,0.19,0.00,0.96,
9.100,0.129,0.009,0.007,0.000,0.023,-92.61,0.45,0.19,0.00,0.97,
9.200,0.130,0.009,0.007,0.000,0.023,-101.55,0.45,0.19,0.00,0.98,
9.300,0.130,0.009,0.008,0.000,0.023,-110.47,0.46,0.19,0.00,0.99,
9.400,0.131,0.009,0.008,0.000,0.023,-119.40,0.46,0.19,0.00,1.00,
9.500,0.132,0.009,0.008,0.000,0.024,-128.32,0.47,0.19,0.00,1.01,
9.600,0.133,0.009,0.008,0.000,0.024,-137.25,0.47,0.19,0.00,1.02,
9.700,0.134,0.009,0.008,0.000,0.024,-146.17,0.48,0.20,0.00,1.03,
9.800,0.135,0.009,0.008,0.000,0.024,-155.10,0.48,0.20,0.00,1.04,
9.900,0.136,0.009,0.008,0.000,0.024,-164.03,0.49,0.20,0.00,1.05,
10.000,0.136,0.009,0.008,0.000,0.024,-172.95,0.49,0.20,0.00,1.06,
10.100,0.137,0.009,0.008,0.000,0.024,178.12,0.50,0.20,0.00,1.07,
10.200,0.138,0.009,0.008,0.000,0.024,169.20,0.50,0.20,0.00,1.08,
10.300,0.138,0.009,0.008,0.000,0.024,160.27,0.50,0.20,0.00,1.09,
10.400,0.139,0.009,0.008,0.000,0.024,151.35,0.51,0.20,0.00,1.10,
10.500,0.139,0.009,0.008,0.000,0.025,142.42,0.51,0.20,0.00,1.11,
10.600,0.140,0.009,0.008,0.000,0.025,133.50,0.52,0.20,0.00,1.11,
10.700,0.141,0.010,0.008,0.000,0.025,124.57,0.52,0.20,0.00,1.12,
10.800,0.142,0.010,0.008,0.000,0.025,115.64,0.53,0.21,0.00,1.13,
10.900,0.142,0.010,0.008,0.000,0.025,106.72,0.53,0.21,0.00,1.14,
11.000,0.142,0.010,0.008,0.000,0.025,97.79,0.54,0.21,0.00,1.15,
11.100,0.143,0.010,0.008,0.000,0.025,88.86,0.54,0.21,0.00,1.16,
11.200,0.145,0.010,0.008,0.000,0.025,79.94,0.55,0.21,0.00,1.17,
11.300,0.145,0.010,0.008,0.000,0.025,71.02,0.55,0.21,0.00,1.18,
11.400,0.145,0.010,0.008,0.000,0.025,62.09,0.56,0.21,0.00,1.19,
11.500,0.146,0.010,0.008,0.000,0.026,53.16,0.56,0.21,0.00,1.20,
11.600,0.147,0.010,0.008,0.000,0.026,44.24,0.57,0.21,0.00,1.21,
11.700,0.147,0.010,0.008,0.000,0.026,35.31,0.57,0.21,0.00,1.22,
11.800,0.148,0.010,0.008,0.000,0.026,26.38,0.58,0.22,0.00,1.23,
11.900,0.150,0.010,0.008,0.000,0.026,17.46,0.58,0.22,0.00,1.24,
12.000,0.150,0.010,0.008,0.000,0.026,8.54,0.58,0.22,0.00,1.25,
12.100,0.151,0.010,0.008,0.000,0.026,-0.39,0.59,0.22,0.00,1.26,
12.200,0.151,0.010,0.008,0.000,0.026,-9.32,0.59,0.22,0.00,1.27,
12.300,0.152,0.010,0.008,0.000,0.026,-18.25,0.60,0.22,0.00,1.28,
12.400,0.152,0.010,0.008,0.000,0.026,-27.17,0.60,0.22,0.00,1.29,
12.500,0.152,0.010,0.008,0.000,0.027,-36.10,0.61,0.22,0.00,1.30,
12.600,0.153,0.010,0.008,0.000,0.027,-45.02,0.61,0.22,0.00,1.31,
12.700,0.154,0.010,0.008,0.000,0.027,-53.95,0.62,0.22,0.00,1.32,
12.800,0.154,0.010,0.008,0.000,0.027,-62.88,0.62,0.23,0.00,1.32,
12.900,0.154,0.010,0.008,0.000,0.027,-71.80,0.63,0.23,0.00,1.33,
13.000,0.155,0.010,0.009,0.000,0.027,-80.73,0.63,0.23,0.00,1.34,
13.100,0.156,0.011,0.009,0.000,0.027,-89.65,0.64,0.23,0.00,1.35,
13.200,0.156,0.011,0.009,0.000,0.027,-98.58,0.64,0.23,0.00,1.36,
13.300,0.156,0.011,0.009,0.000,0.027,-107.51,0.65,0.23,0.00,1.37,
13.400,0.157,0.011,0.009,0.000,0.027,-116.44,0.65,0.23,0.00,1.38,
13.500,0.158,0.011,0.009,0.000,0.027,-125.36,0.66,0.23,0.00,1.39,
13.600,0.158,0.011,0.009,0.000,0.028,-134.29,0.66,0.23,0.00,1.40,
13.700,0.158,0.011,0.009,0.000,0.028,-143.22,0.67,0.23,0.00,1.41,
13.800,0.159,0.011,0.009,0.000,0.028,-152.14,0.67,0.24,0.00,1.42,
13.900,0.160,0.011,0.009,0.000,0.028,-161.07,0.67,0.24,0.00,1.43,
14.000,0.161,0.011,0.009,0.000,0.028,-170.00,0.68,0.24,0.00,1.44,
14.100,0.161,0.011,0.009,0.000,0.028,-178.92,0.68,0.24,0.00,1.45,
14.200,0.163,0.011,0.009,0.000,0.028,172.15,0.69,0.24,0.00,1.46,
14.300,0.163,0.011,0.009,0.000,0.028,163.21,0.69,0.24,0.00,1.47,
14.400,0.164,0.011,0.009,0.000,0.028,154.29,0.70,0.24,0.00,1.48,
14.500,0.165,0.011,0.009,0.000,0.028,145.37,0.70,0.24,0.00,1.49,
14.600,0.166,0.011,0.009,0.000,0.028,136.44,0.71,0.24,0.00,1.50,
14.700,0.166,0.011,0.009,0.000,0.029,127.51,0.71,0.24,0.00,1.51,
14.800,0.167,0.011,0.009,0.000,0.029,118.59,0.72,0.25,0.00,1.52,
14.900,0.167,0.011,0.009,0.000,0.029,109.66,0.72,0.25,0.00,1.53,
15.000,0.169,0.011,0.009,0.000,0.029,100.73,0.73,0.25,0.00,1.54,
15.100,0.170,0.011,0.009,0.000,0.029,91.81,0.73,0.25,0.00,1.55,
15.200,0.170,0.011,0.009,0.000,0.029,82.88,0.74,0.25,0.00,1.55,
15.300,0.171,0.011,0.009,0.000,0.029,73.96,0.74,0.25,0.00,1.56,
15.400,0.171,0.011,0.009,0.000,0.029,65.03,0.75,0.25,0.00,1.57,
15.500,0.172,0.011,0.009,0.000,0.029,56.10,0.75,0.25,0.00,1.58,
15.600,0.172,0.011,0.009,0.000,0.029,47.19,0.76,0.25,0.00,1.59,
15.700,0.171,0.011,0.009,0.000,0.029,38.26,0.76,0.25,0.00,1.60,
15.800,0.170,0.011,0.009,0.000,0.030,29.33,0.76,0.25,0.00,1.61,
15.900,0.174,0.012,0.009,0.000,0.030,20.40,0.77,0.26,0.00,1.62,
16.000,0.174,0.012,0.009,0.000,0.030,11.48,0.77,0.26,0.00,1.63,
16.100,0.174,0.012,0.009,0.000,0.030,2.54,0.78,0.26,0.00,1.64,
16.200,0.175,0.012,0.009,0.000,0.030,-6.39,0.78,0.26,0.00,1.65,
16.300,0.175,0.012,0.009,0.000,0.030,-15.31,0.79,0.26,0.00,1.66,
16.400,0.175,0.012,0.009,0.000,0.030,-24.24,0.79,0.26,0.00,1.67,
16.500,0.176,0.012,0.009,0.000,0.030,-33.17,0.80,0.26,0.00,1.68,
16.600,0.177,0.012,0.009,0.000,0.030,-42.10,0.80,0.26,0.00,1.69,
16.700,0.178,0.012,0.010,0.000,0.030,-51.02,0.81,0.26,0.00,1.70,
16.800,0.178,0.012,0.010,0.000,0.030,-59.94,0.81,0.26,0.00,1.71,
16.900,0.179,0.012,0.010,0.000,0.030,-68.88,0.82,0.27,0.00,1.72,
17.000,0.180,0.012,0.010,0.000,0.031,-77.81,0.82,0.27,0.00,1.73,
17.100,0.181,0.012,0.010,0.000,0.031,-86.73,0.83,0.27,0.00,1.74,
17.200,0.180,0.012,0.010,0.000,0.031,-95.66,0.83,0.27,0.00,1.75,
17.300,0.180,0.012,0.010,0.000,0.031,-104.58,0.84,0.27,0.00,1.76,
17.400,0.181,0.012,0.010,0.000,0.031,-113.52,0.84,0.27,0.00,1.77,
17.500,0.182,0.012,0.010,0.000,0.031,-122.44,0.85,0.27,0.00,1.78,
17.600,0.182,0.012,0.010,0.000,0.031,-131.37,0.85,0.27,0.00,1.79,
17.700,0.183,0.012,0.010,0.000,0.031,-140.30,0.85,0.27,0.00,1.80,
17.800,0.183,0.012,0.010,0.000,0.031,-149.22,0.86,0.27,0.00,1.80,
17.900,0.184,0.012,0.010,0.000,0.031,-158.15,0.86,0.28,0.00,1.81,
18.000,0.185,0.012,0.010,0.000,0.031,-167.08,0.87,0.28,0.00,1.82,
18.100,0.184,0.012,0.010,0.000,0.032,-176.01,0.87,0.28,0.00,1.83,
18.200,0.185,0.012,0.010,0.000,0.032,175.07,0.88,0.28,0.00,1.84,
18.300,0.186,0.012,0.010,0.000,0.032,166.14,0.88,0.28,0.00,1.85,
18.400,0.185,0.012,0.010,0.000,0.032,157.21,0.89,0.28,0.00,1.86,
18.500,0.185,0.012,0.010,0.000,0.032,148.28,0.89,0.28,0.00,1.87,
18.600,0.186,0.012,0.010,0.000,0.032,139.36,0.90,0.28,0.00,1.88,
18.700,0.188,0.012,0.010,0.000,0.032,130.43,0.90,0.28,0.00,1.89,
18.800,0.188,0.013,0.010,0.000,0.032,121.50,0.91,0.28,0.00,1.90,
18.900,0.188,0.013,0.010,0.000,0.032,112.57,0.91,0.29,0.00,1.91,
19.000,0.189,0.013,0.010,0.000,0.032,103.65,0.92,0.29,0.00,1.92,
19.100,0.190,0.013,0.010,0.000,0.032,94.72,0.92,0.29,0.00,1.93,
19.200,0.190,0.013,0.010,0.000,0.032,85.80,0.93,0.29,0.00,1.94,
19.300,0.190,0.013,0.010,0.000,0.033,76.87,0.93,0.29,0.00,1.95,
19.400,0.192,0.013,0.010,0.000,0.033,67.94,0.94,0.29,0.00,1.96,
19.500,0.192,0.013,0.010,0.000,0.033,59.02,0.94,0.29,0.00,1.97,
19.600,0.192,0.013,0.010,0.000,0.033,50.09,0.95,0.29,0.00,1.98,
19.700,0.194,0.013,0.010,0.000,0.033,41.15,0.95,0.29,0.00,1.99,
19.800,0.194,0.013,0.010,0.000,0.033,32.23,0.95,0.29,0.00,2.00,
19.900,0.195,0.013,0.010,0.000,0.033,23.30,0.96,0.30,0.00,2.01,
20.000,0.195,0.013,0.010,0.000,0.033,14.37,0.96,0.30,0.00,2.02,
20.100,0.196,0.013,0.010,0.000,0.033,5.44,0.97,0.30,0.00,2.03,
20.200,0.196,0.013,0.010,0.000,0.033,-3.49,0.97,0.30,0.00,2.04,
20.300,0.197,0.013,0.010,0.000,0.033,-12.42,0.98,0.30,0.00,2.05,
20.400,0.197,0.013,0.011,0.000,0.033,-21.34,0.98,0.30,0.00,2.06,
20.500,0.197,0.013,0.011,0.000,0.034,-30.27,0.99,0.30,0.00,2.07,
20.600,0.198,0.013,0.011,0.000,0.034,-39.21,0.99,0.30,0.00,2.07,
20.700,0.199,0.013,0.011,0.000,0.034,-48.14,1.00,0.30,0.00,2.08,
20.800,0.199,0.013,0.011,0.000,0.034,-57.06,1.00,0.30,0.00,2.09,
20.900,0.199,0.013,0.011,0.000,0.034,-65.99,1.01,0.30,0.00,2.10,
21.000,0.199,0.013,0.011,0.000,0.034,-74.92,1.01,0.31,0.00,2.11,
21.100,0.200,0.013,0.011,0.000,0.034,-83.85,1.02,0.31,0.00,2.12,
21.200,0.200,0.013,0.011,0.000,0.034,-92.78,1.02,0.31,0.00,2.13,
21.300,0.201,0.013,0.011,0.000,0.034,-101.71,1.03,0.31,0.00,2.14,
21.400,0.201,0.013,0.011,0.000,0.034,-110.65,1.03,0.31,0.00,2.15,
21.500,0.202,0.013,0.011,0.000,0.034,-119.58,1.04,0.31,0.00,2.16,
21.600,0.202,0.013,0.011,0.000,0.034,-128.50,1.04,0.31,0.00,2.17,
21.700,0.203,0.013,0.011,0.000,0.034,-137.44,1.04,0.31,0.00,2.18,
21.800,0.204,0.013,0.011,0.000,0.035,-146.37,1.05,0.31,0.00,2.19,
21.900,0.206,0.013,0.011,0.000,0.035,-155.30,1.05,0.31,0.00,2.20,
22.000,0.206,0.013,0.011,0.000,0.035,-164.23,1.06,0.32,0.00,2.21,
22.100,0.207,0.014,0.011,0.000,0.035,-173.16,1.06,0.32,0.00,2.22,
22.200,0.208,0.014,0.011,0.000,0.035,177.91,1.07,0.32,0.00,2.23,
22.300,0.208,0.014,0.011,0.000,0.035,168.98,1.07,0.32,0.00,2.24,
22.400,0.210,0.014,0.011,0.000,0.035,160.06,1.08,0.32,0.00,2.25,
22.500,0.211,0.014,0.011,0.000,0.035,151.14,1.08,0.32,0.00,2.26,
22.600,0.212,0.014,0.011,0.000,0.035,142.20,1.09,0.32,0.00,2.27,
22.700,0.212,0.014,0.011,0.000,0.035,133.27,1.09,0.32,0.00,2.28,
22.800,0.212,0.014,0.011,0.000,0.035,124.34,1.10,0.32,0.00,2.29,
22.900,0.212,0.014,0.011,0.000,0.035,115.41,1.10,0.32,0.00,2.30,
23.000,0.213,0.014,0.011,0.000,0.036,106.49,1.11,0.33,0.00,2.31,
23.100,0.213,0.014,0.011,0.000,0.036,97.56,1.11,0.33,0.00,2.32,
23.200,0.213,0.014,0.011,0.000,0.036,88.63,1.12,0.33,0.00,2.33,
23.300,0.214,0.014,0.011,0.000,0.036,79.70,1.12,0.33,0.00,2.34,
23.400,0.213,0.014,0.011,0.000,0.036,70.76,1.13,0.33,0.00,2.35,
23.500,0.214,0.014,0.011,0.000,0.036,61.83,1.13,0.33,0.00,2.35,
23.600,0.214,0.014,0.011,0.000,0.036,52.91,1.13,0.33,0.00,2.36,
23.700,0.214,0.014,0.011,0.000,0.036,43.97,1.14,0.33,0.00,2.37,
23.800,0.216,0.014,0.011,0.000,0.036,35.05,1.14,0.33,0.00,2.38,
23.900,0.217,0.014,0.011,0.000,0.036,26.12,1.15,0.33,0.00,2.39,
24.000,0.217,0.014,0.011,0.000,0.036,17.20,1.15,0.34,0.00,2.40,
24.100,0.217,0.014,0.012,0.000,0.036,8.25,1.16,0.34,0.00,2.41,
24.200,0.216,0.014,0.012,0.000,0.036,-0.68,1.16,0.34,0.00,2.42,
24.300,0.216,0.014,0.012,0.000,0.037,-9.61,1.17,0.34,0.00,2.43,
24.400,0.217,0.014,0.012,0.000,0.037,-18.54,1.17,0.34,0.00,2.44,
24.500,0.217,0.014,0.012,0.000,0.037,-27.47,1.18,0.34,0.00,2.45,
24.600,0.218,0.014,0.012,0.000,0.037,-36.41,1.18,0.34,0.00,2.46,
24.700,0.219,0.014,0.012,0.000,0.037,-45.34,1.19,0.34,0.00,2.47,
24.800,0.220,0.014,0.012,0.000,0.037,-54.28,1.19,0.34,0.00,2.48,
24.900,0.219,0.014,0.012,0.000,0.037,-63.20,1.20,0.34,0.00,2.49,
25.000,0.221,0.014,0.012,0.000,0.037,-72.16,1.20,0.34,0.00,2.50,
25.100,0.222,0.014,0.012,0.000,0.037,-81.06,1.21,0.35,0.00,2.51,
25.200,0.222,0.014,0.012,0.000,0.037,-90.00,1.21,0.35,0.00,2.52,
25.300,0.222,0.014,0.012,0.000,0.037,-98.94,1.22,0.35,0.00,2.53,
25.400,0.223,0.014,0.012,0.000,0.037,-107.86,1.22,0.35,0.00,2.54,
25.500,0.224,0.014,0.012,0.000,0.037,-116.78,1.23,0.35,0.00,2.55,
25.600,0.224,0.015,0.012,0.000,0.038,-125.71,1.23,0.35,0.00,2.56,
25.700,0.225,0.015,0.012,0.000,0.038,-134.64,1.23,0.35,0.00,2.57,
25.800,0.225,0.015,0.012,0.000,0.038,-143.57,1.24,0.35,0.00,2.58,
25.900,0.227,0.015,0.012,0.000,0.038,-152.51,1.24,0.35,0.00,2.59,
26.000,0.227,0.015,0.012,0.000,0.038,-161.43,1.25,0.35,0.00,2.60,
26.100,0.228,0.015,0.012,0.000,0.038,-170.37,1.25,0.36,0.00,2.61,
26.200,0.228,0.015,0.012,0.000,0.038,-179.30,1.26,0.36,0.00,2.62,
26.300,0.229,0.015,0.012,0.000,0.038,171.77,1.26,0.36,0.00,2.63,
26.400,0.228,0.015,0.012,0.000,0.038,162.84,1.27,0.36,0.00,2.64,
26.500,0.230,0.015,0.012,0.000,0.038,153.91,1.27,0.36,0.00,2.64,
26.600,0.229,0.015,0.012,0.000,0.038,144.98,1.28,0.36,0.00,2.65,
26.700,0.230,0.015,0.012,0.000,0.038,136.04,1.28,0.36,0.00,2.66,
26.800,0.229,0.015,0.012,0.000,0.038,127.11,1.29,0.36,0.00,2.67,
26.900,0.231,0.015,0.012,0.000,0.039,118.18,1.29,0.36,0.00,2.68,
27.000,0.231,0.015,0.012,0.000,0.039,109.24,1.30,0.36,0.00,2.69,
27.100,0.230,0.015,0.012,0.000,0.039,100.32,1.30,0.37,0.00,2.70,
27.200,0.231,0.015,0.012,0.000,0.039,91.38,1.31,0.37,0.00,2.71,
27.300,0.232,0.015,0.012,0.000,0.039,82.45,1.31,0.37,0.00,2.72,
27.400,0.233,0.015,0.012,0.000,0.039,73.52,1.32,0.37,0.00,2.73,
27.500,0.233,0.015,0.012,0.000,0.039,64.58,1.32,0.37,0.00,2.74,
27.600,0.233,0.015,0.012,0.000,0.039,55.65,1.32,0.37,0.00,2.75,
27.700,0.234,0.015,0.012,0.000,0.039,46.72,1.33,0.37,0.00,2.76,
27.800,0.233,0.015,0.013,0.000,0.039,37.79,1.33,0.37,0.00,2.77,
27.900,0.234,0.015,0.013,0.000,0.039,28.85,1.34,0.37,0.00,2.78,
28.000,0.235,0.015,0.013,0.000,0.039,19.92,1.34,0.37,0.00,2.79,
28.100,0.235,0.015,0.013,0.000,0.039,10.99,1.35,0.38,0.00,2.80,
28.200,0.235,0.015,0.013,0.000,0.040,2.05,1.35,0.38,0.00,2.81,
28.300,0.235,0.015,0.013,0.000,0.040,-6.89,1.36,0.38,0.00,2.82,
28.400,0.237,0.015,0.013,0.000,0.040,-15.82,1.36,0.38,0.00,2.83,
28.500,0.236,0.015,0.013,0.000,0.040,-24.74,1.37,0.38,0.00,2.84,
28.600,0.237,0.015,0.013,0.000,0.040,-33.69,1.37,0.38,0.00,2.85,
28.700,0.238,0.015,0.013,0.000,0.040,-42.63,1.38,0.38,0.00,2.86,
28.800,0.238,0.015,0.013,0.000,0.040,-51.58,1.38,0.38,0.00,2.87,
28.900,0.238,0.015,0.013,0.000,0.040,-60.49,1.39,0.38,0.00,2.88,
29.000,0.238,0.015,0.013,0.000,0.040,-69.43,1.39,0.38,0.00,2.89,
29.100,0.241,0.015,0.013,0.000,0.040,-78.36,1.40,0.39,0.00,2.90,
29.200,0.241,0.015,0.013,0.000,0.040,-87.29,1.40,0.39,0.00,2.91,
29.300,0.242,0.016,0.013,0.000,0.040,-96.23,1.41,0.39,0.00,2.92,
29.400,0.243,0.016,0.013,0.000,0.040,-105.17,1.41,0.39,0.00,2.93,
29.500,0.244,0.016,0.013,0.000,0.040,-114.11,1.42,0.39,0.00,2.94,
29.600,0.245,0.016,0.013,0.000,0.041,-123.04,1.42,0.39,0.00,2.94,
29.700,0.243,0.016,0.013,0.000,0.041,-131.99,1.42,0.39,0.00,2.95,
29.800,0.245,0.016,0.013,0.000,0.041,-140.90,1.43,0.39,0.00,2.96,
29.900,0.246,0.016,0.013,0.000,0.041,-149.83,1.43,0.39,0.00,2.97,
30.000,0.246,0.016,0.013,0.000,0.041,-158.77,1.44,0.39,0.00,2.98,
30.100,0.247,0.016,0.013,0.000,0.041,-167.71,1.44,0.39,0.00,2.99,
30.200,0.247,0.016,0.013,0.000,0.041,-176.65,1.45,0.40,0.00,3.00,
30.300,0.248,0.016,0.013,0.000,0.041,174.41,1.45,0.40,0.00,3.01,
30.400,0.250,0.016,0.013,0.000,0.041,165.45,1.46,0.40,0.00,3.02,
30.500,0.257,0.016,0.013,0.000,0.041,156.51,1.46,0.40,0.00,3.03,
30.600,0.261,0.016,0.013,0.000,0.041,147.55,1.47,0.40,0.00,3.04,
30.700,0.258,0.016,0.013,0.000,0.041,138.83,1.47,0.40,0.00,3.05,
30.800,0.250,0.016,0.013,0.000,0.041,129.81,1.48,0.40,0.00,3.06,
30.900,0.251,0.016,0.013,0.000,0.042,120.85,1.48,0.40,0.00,3.07,
31.000,0.251,0.016,0.013,0.000,0.042,111.92,1.49,0.40,0.00,3.08,
31.100,0.251,0.016,0.013,0.000,0.042,102.97,1.49,0.40,0.00,3.09,
31.200,0.250,0.016,0.013,0.000,0.042,94.03,1.50,0.41,0.00,3.10,
31.300,0.252,0.016,0.013,0.000,0.042,85.09,1.50,0.41,0.00,3.11,
31.400,0.253,0.016,0.013,0.000,0.042,76.17,1.51,0.41,0.00,3.12,
31.500,0.252,0.016,0.014,0.000,0.042,67.22,1.51,0.41,0.00,3.13,
31.600,0.253,0.016,0.014,0.000,0.042,58.27,1.51,0.41,0.00,3.14,
31.700,0.255,0.016,0.014,0.000,0.042,49.35,1.52,0.41,0.00,3.15,
31.800,0.254,0.016,0.014,0.000,0.042,40.42,1.52,0.41,0.00,3.16,
31.900,0.255,0.016,0.014,0.000,0.042,31.46,1.53,0.41,0.00,3.17,
32.000,0.256,0.016,0.014,0.000,0.042,22.52,1.53,0.41,0.00,3.18,
32.100,0.257,0.016,0.014,0.000,0.042,13.60,1.54,0.41,0.00,3.19,
32.200,0.257,0.016,0.014,0.000,0.042,4.65,1.54,0.42,0.00,3.20,
32.300,0.257,0.016,0.014,0.000,0.043,-4.29,1.55,0.42,0.00,3.21,
32.400,0.258,0.016,0.014,0.000,0.043,-13.22,1.55,0.42,0.00,3.22,
32.500,0.259,0.016,0.014,0.000,0.043,-22.17,1.56,0.42,0.00,3.23,
32.600,0.259,0.016,0.014,0.000,0.043,-31.08,1.56,0.42,0.00,3.24,
32.700,0.260,0.016,0.014,0.000,0.043,-40.02,1.57,0.42,0.00,3.25,
32.800,0.260,0.016,0.014,0.000,0.043,-48.95,1.57,0.42,0.00,3.25,
32.900,0.261,0.016,0.014,0.000,0.043,-57.89,1.58,0.42,0.00,3.26,
33.000,0.260,0.016,0.014,0.000,0.043,-66.83,1.58,0.42,0.00,3.27,

