0.2000,0.0024,0.0034,0.0005,0.0000,0.0069,29.56,59.98,0.03,0.00,119.96
0.3000,0.0029,0.0034,0.0005,0.0000,0.0069,21.76,53.14,0.03,0.00,106.28
0.4000,0.0033,0.0034,0.0005,0.0000,0.0069,10.19,47.59,0.03,0.00,95.18
0.5000,0.0036,0.0034,0.0005,0.0000,0.0068,2.45,45.46,0.03,0.00,90.93
0.6000,0.0039,0.0034,0.0005,0.0000,0.0068,-7.38,42.84,0.03,0.00,85.68
0.7000,0.0038,0.0034,0.0005,0.0000,0.0069,-14.07,42.94,0.03,0.00,85.89
0.8000,0.0041,0.0034,0.0006,0.0000,0.0069,-22.60,41.33,0.03,0.00,82.66
0.9000,0.0040,0.0034,0.0006,0.0000,0.0069,-29.32,42.03,0.03,0.00,84.07
1.0000,0.0041,0.0034,0.0006,0.0000,0.0069,-38.05,41.17,0.03,0.00,82.34
1.1000,0.0039,0.0034,0.0006,0.0000,0.0069,-48.67,42.70,0.03,0.00,85.39
1.2000,0.0046,0.0034,0.0006,0.0000,0.0069,-60.12,37.74,0.03,0.00,75.48
1.3000,0.0056,0.0034,0.0006,0.0000,0.0069,-72.06,31.65,0.03,0.00,63.30
1.4000,0.0071,0.0034,0.0006,0.0000,0.0069,-82.45,26.03,0.03,0.00,52.06
1.5000,0.0075,0.0034,0.0006,0.0000,0.0069,-88.71,24.53,0.03,0.00,49.07
1.6000,0.0074,0.0034,0.0006,0.0000,0.0069,-94.70,24.89,0.03,0.00,49.78
1.7000,0.0068,0.0034,0.0006,0.0000,0.0069,-100.16,26.90,0.03,0.00,53.80
1.8000,0.0063,0.0034,0.0006,0.0000,0.0069,-106.63,28.96,0.03,0.00,57.93
1.9000,0.0056,0.0034,0.0006,0.0000,0.0069,-113.11,31.96,0.03,0.00,63.91
2.0000,0.0052,0.0034,0.0006,0.0000,0.0069,-120.06,34.26,0.03,0.00,68.52
2.1000,0.0047,0.0034,0.0006,0.0000,0.0070,-128.12,37.29,0.03,0.00,74.58
2.2000,0.0044,0.0034,0.0006,0.0000,0.0070,-137.01,38.67,0.03,0.00,77.35
2.3000,0.0042,0.0034,0.0006,0.0000,0.0070,-147.00,40.41,0.04,0.00,80.83
2.4000,0.0042,0.0034,0.0006,0.0000,0.0070,-158.08,40.52,0.04,0.00,81.05
2.5000,0.0041,0.0034,0.0006,0.0000,0.0070,-170.77,40.99,0.04,0.00,81.98
2.6000,0.0041,0.0034,0.0006,0.0000,0.0070,177.07,41.23,0.04,0.00,82.46
2.7000,0.0038,0.0034,0.0006,0.0000,0.0070,163.24,43.94,0.04,0.00,87.87
2.8000,0.0033,0.0034,0.0006,0.0000,0.0070,150.86,48.72,0.04,0.00,97.43
2.9000,0.0023,0.0035,0.0006,0.0000,0.0070,131.95,59.65,0.04,0.00,119.31
3.0000,0.0015,0.0035,0.0006,0.0000,0.0070,100.91,73.29,0.04,0.00,146.58
3.1000,0.0013,0.0035,0.0006,0.0000,0.0070,42.85,76.93,0.04,0.00,153.85
3.2000,0.0017,0.0035,0.0007,0.0000,0.0070,0.62,69.17,0.04,0.00,138.34
3.3000,0.0027,0.0035,0.0007,0.0000,0.0071,-21.54,55.05,0.04,0.00,110.09
3.4000,0.0035,0.0035,0.0007,0.0000,0.0071,-37.50,46.68,0.04,0.00,93.36
3.5000,0.0043,0.0035,0.0007,0.0000,0.0071,-48.11,39.86,0.04,0.00,79.73
3.6000,0.0049,0.0035,0.0007,0.0000,0.0071,-59.45,36.19,0.04,0.00,72.37
3.7000,0.0055,0.0035,0.0007,0.0000,0.0071,-68.46,32.58,0.04,0.00,65.16
3.8000,0.0060,0.0035,0.0007,0.0000,0.0071,-78.85,30.34,0.04,0.00,60.68
3.9000,0.0065,0.0035,0.0007,0.0000,0.0071,-86.67,28.34,0.04,0.00,56.68
4.0000,0.0069,0.0035,0.0007,0.0000,0.0071,-96.62,26.82,0.04,0.00,53.63
4.1000,0.0074,0.0035,0.0007,0.0000,0.0071,-105.46,25.26,0.04,0.00,50.52
4.2000,0.0080,0.0035,0.0007,0.0000,0.0071,-116.52,23.63,0.04,0.00,47.27
4.3000,0.0087,0.0035,0.0007,0.0000,0.0071,-125.98,21.87,0.04,0.00,43.75
4.4000,0.0095,0.0035,0.0007,0.0000,0.0071,-137.00,20.14,0.04,0.00,40.28
4.5000,0.0102,0.0035,0.0007,0.0000,0.0071,-147.07,18.72,0.04,0.00,37.44
4.6000,0.0111,0.0035,0.0007,0.0000,0.0072,-158.16,17.30,0.04,0.00,34.60
4.7000,0.0119,0.0035,0.0007,0.0000,0.0072,-167.79,16.17,0.04,0.00,32.35
4.8000,0.0128,0.0035,0.0007,0.0000,0.0072,-178.41,15.20,0.04,0.00,30.40
4.9000,0.0130,0.0035,0.0007,0.0000,0.0072,171.65,14.90,0.04,0.00,29.80
5.0000,0.0132,0.0035,0.0007,0.0000,0.0072,161.70,14.76,0.04,0.00,29.52
5.1000,0.0127,0.0035,0.0007,0.0000,0.0072,151.39,15.24,0.04,0.00,30.48
5.2000,0.0123,0.0035,0.0007,0.0000,0.0072,140.25,15.77,0.04,0.00,31.54
5.3000,0.0117,0.0035,0.0008,0.0000,0.0072,129.22,16.51,0.04,0.00,33.03
5.4000,0.0114,0.0035,0.0008,0.0000,0.0072,116.83,16.90,0.04,0.00,33.81
5.5000,0.0112,0.0035,0.0008,0.0000,0.0072,104.54,17.29,0.04,0.00,34.57
5.6000,0.0113,0.0035,0.0008,0.0000,0.0072,91.82,17.12,0.04,0.00,34.23
5.7000,0.0114,0.0035,0.0008,0.0000,0.0072,79.58,17.05,0.04,0.00,34.11
5.8000,0.0116,0.0035,0.0008,0.0000,0.0073,67.97,16.71,0.04,0.00,33.42
5.9000,0.0117,0.0035,0.0008,0.0000,0.0073,56.36,16.54,0.05,0.00,33.08
6.0000,0.0120,0.0035,0.0008,0.0000,0.0073,45.27,16.25,0.05,0.00,32.50
6.1000,0.0120,0.0035,0.0008,0.0000,0.0073,33.99,16.23,0.05,0.00,32.47
6.2000,0.0118,0.0036,0.0008,0.0000,0.0073,22.89,16.47,0.05,0.00,32.94
6.3000,0.0114,0.0036,0.0008,0.0000,0.0073,10.88,17.11,0.05,0.00,34.22
6.4000,0.0108,0.0036,0.0008,0.0000,0.0073,-1.92,17.97,0.05,0.00,35.94
6.5000,0.0102,0.0036,0.0008,0.0000,0.0073,-16.26,18.87,0.05,0.00,37.75
6.6000,0.0099,0.0036,0.0008,0.0000,0.0073,-30.16,19.47,0.05,0.00,38.93
6.7000,0.0097,0.0036,0.0008,0.0000,0.0073,-44.61,19.80,0.05,0.00,39.60
6.8000,0.0096,0.0036,0.0008,0.0000,0.0073,-57.84,20.00,0.05,0.00,40.00
6.9000,0.0097,0.0036,0.0008,0.0000,0.0073,-70.98,19.96,0.05,0.00,39.92
7.0000,0.0097,0.0036,0.0008,0.0000,0.0073,-82.35,19.97,0.05,0.00,39.95
7.1000,0.0097,0.0036,0.0009,0.0000,0.0074,-93.60,19.90,0.05,0.00,39.80
7.2000,0.0097,0.0036,0.0009,0.0000,0.0074,-103.82,19.96,0.05,0.00,39.92
7.3000,0.0098,0.0036,0.0009,0.0000,0.0074,-114.23,19.79,0.05,0.00,39.59
7.4000,0.0097,0.0036,0.0009,0.0000,0.0074,-123.94,19.96,0.05,0.00,39.91
7.5000,0.0097,0.0036,0.0009,0.0000,0.0074,-132.79,20.03,0.05,0.00,40.05
7.6000,0.0094,0.0036,0.0009,0.0000,0.0074,-140.64,20.61,0.05,0.00,41.21
7.7000,0.0090,0.0036,0.0009,0.0000,0.0074,-148.94,21.52,0.05,0.00,43.04
7.8000,0.0082,0.0036,0.0009,0.0000,0.0074,-157.07,23.43,0.05,0.00,46.86
7.9000,0.0073,0.0036,0.0009,0.0000,0.0074,-165.73,25.85,0.05,0.00,51.70
8.0000,0.0062,0.0036,0.0009,0.0000,0.0074,-175.06,30.03,0.05,0.00,60.06
8.1000,0.0052,0.0036,0.0009,0.0000,0.0074,174.23,34.95,0.05,0.00,69.90
8.2000,0.0041,0.0036,0.0009,0.0000,0.0074,161.46,42.45,0.05,0.00,84.90
8.3000,0.0031,0.0036,0.0009,0.0000,0.0075,145.54,50.66,0.05,0.00,101.32
8.4000,0.0023,0.0036,0.0009,0.0000,0.0075,120.83,60.33,0.05,0.00,120.66
8.5000,0.0020,0.0036,0.0009,0.0000,0.0075,88.00,65.46,0.05,0.00,130.92
8.6000,0.0022,0.0036,0.0009,0.0000,0.0075,49.88,61.79,0.05,0.00,123.58
8.7000,0.0029,0.0036,0.0010,0.0000,0.0075,24.76,53.17,0.05,0.00,106.35
8.8000,0.0041,0.0036,0.0010,0.0000,0.0075,7.31,42.46,0.06,0.00,84.92
8.9000,0.0054,0.0036,0.0010,0.0000,0.0075,-5.56,34.04,0.06,0.00,68.07
9.0000,0.0071,0.0036,0.0010,0.0000,0.0075,-17.25,26.75,0.06,0.00,53.50
9.1000,0.0088,0.0036,0.0010,0.0000,0.0075,-26.97,21.92,0.06,0.00,43.83
9.2000,0.0106,0.0036,0.0010,0.0000,0.0075,-35.46,18.40,0.06,0.00,36.80
9.3000,0.0121,0.0036,0.0010,0.0000,0.0075,-42.66,16.32,0.06,0.00,32.64
9.4000,0.0133,0.0036,0.0010,0.0000,0.0075,-49.09,14.84,0.06,0.00,29.68
9.5000,0.0139,0.0036,0.0010,0.0000,0.0076,-55.21,14.21,0.06,0.00,28.41
9.6000,0.0144,0.0036,0.0010,0.0000,0.0076,-60.14,13.80,0.06,0.00,27.59
9.7000,0.0144,0.0036,0.0010,0.0000,0.0076,-64.54,13.78,0.06,0.00,27.56
9.8000,0.0143,0.0036,0.0010,0.0000,0.0076,-68.24,13.92,0.06,0.00,27.83
9.9000,0.0138,0.0037,0.0010,0.0000,0.0076,-71.36,14.41,0.06,0.00,28.82
10.0000,0.0133,0.0037,0.0010,0.0000,0.0076,-73.82,14.88,0.06,0.00,29.76
10.1000,0.0128,0.0037,0.0011,0.0000,0.0076,-75.86,15.50,0.06,0.00,31.00
10.2000,0.0124,0.0037,0.0011,0.0000,0.0076,-77.15,15.95,0.06,0.00,31.90
10.3000,0.0120,0.0037,0.0011,0.0000,0.0076,-78.75,16.45,0.06,0.00,32.91
10.4000,0.0120,0.0037,0.0011,0.0000,0.0076,-80.24,16.52,0.06,0.00,33.04
10.5000,0.0119,0.0037,0.0011,0.0000,0.0076,-82.24,16.60,0.06,0.00,33.21
10.6000,0.0121,0.0037,0.0011,0.0000,0.0077,-83.99,16.39,0.06,0.00,32.78
10.7000,0.0121,0.0037,0.0011,0.0000,0.0077,-86.24,16.37,0.06,0.00,32.74
10.8000,0.0124,0.0037,0.0011,0.0000,0.0077,-88.08,16.00,0.06,0.00,32.00
10.9000,0.0125,0.0037,0.0011,0.0000,0.0077,-90.96,15.84,0.06,0.00,31.68
11.0000,0.0129,0.0037,0.0011,0.0000,0.0077,-93.23,15.37,0.06,0.00,30.74
11.1000,0.0132,0.0037,0.0011,0.0000,0.0077,-95.98,15.07,0.06,0.00,30.15
11.2000,0.0137,0.0037,0.0011,0.0000,0.0077,-98.54,14.55,0.07,0.00,29.11
11.3000,0.0141,0.0037,0.0011,0.0000,0.0077,-101.77,14.12,0.07,0.00,28.25
11.4000,0.0146,0.0037,0.0012,0.0000,0.0077,-105.73,13.66,0.07,0.00,27.31
11.5000,0.0148,0.0037,0.0012,0.0000,0.0077,-110.54,13.46,0.07,0.00,26.93
11.6000,0.0152,0.0037,0.0012,0.0000,0.0077,-115.40,13.19,0.07,0.00,26.39
11.7000,0.0151,0.0037,0.0012,0.0000,0.0078,-121.19,13.22,0.07,0.00,26.44
11.8000,0.0151,0.0037,0.0012,0.0000,0.0078,-127.34,13.22,0.07,0.00,26.44
11.9000,0.0149,0.0037,0.0012,0.0000,0.0078,-134.28,13.42,0.07,0.00,26.84
12.0000,0.0147,0.0037,0.0012,0.0000,0.0078,-141.64,13.65,0.07,0.00,27.31
12.1000,0.0141,0.0037,0.0012,0.0000,0.0078,-149.04,14.16,0.07,0.00,28.32
12.2000,0.0137,0.0037,0.0012,0.0000,0.0078,-156.07,14.54,0.07,0.00,29.08
12.3000,0.0133,0.0037,0.0012,0.0000,0.0078,-163.42,15.01,0.07,0.00,30.01
12.4000,0.0130,0.0037,0.0012,0.0000,0.0078,-170.41,15.40,0.07,0.00,30.80
12.5000,0.0124,0.0037,0.0012,0.0000,0.0078,-177.67,16.03,0.07,0.00,32.06
12.6000,0.0118,0.0037,0.0013,0.0000,0.0078,176.10,16.86,0.07,0.00,33.71
12.7000,0.0109,0.0037,0.0013,0.0000,0.0079,169.78,18.15,0.07,0.00,36.31
12.8000,0.0100,0.0037,0.0013,0.0000,0.0079,164.56,19.76,0.07,0.00,39.52
12.9000,0.0088,0.0037,0.0013,0.0000,0.0079,158.79,22.35,0.07,0.00,44.70
13.0000,0.0073,0.0037,0.0013,0.0000,0.0079,154.78,26.46,0.07,0.00,52.91
13.1000,0.0056,0.0037,0.0013,0.0000,0.0079,151.98,33.34,0.07,0.00,66.69
13.2000,0.0040,0.0037,0.0013,0.0000,0.0079,152.19,43.76,0.07,0.00,87.52
13.3000,0.0023,0.0037,0.0013,0.0000,0.0079,159.30,61.29,0.08,0.00,122.58
13.4000,0.0013,0.0037,0.0013,0.0000,0.0079,-160.19,76.61,0.08,0.00,153.22
13.5000,0.0020,0.0037,0.0013,0.0000,0.0079,-109.29,66.02,0.08,0.00,132.05
13.6000,0.0033,0.0037,0.0013,0.0000,0.0079,-100.93,50.12,0.08,0.00,100.24
13.7000,0.0044,0.0037,0.0013,0.0000,0.0080,-101.69,40.48,0.08,0.00,80.96
13.8000,0.0054,0.0037,0.0014,0.0000,0.0080,-106.60,34.10,0.08,0.00,68.19
13.9000,0.0063,0.0037,0.0014,0.0000,0.0080,-112.21,30.10,0.08,0.00,60.21
14.0000,0.0071,0.0038,0.0014,0.0000,0.0080,-119.85,27.00,0.08,0.00,53.99
14.1000,0.0078,0.0038,0.0014,0.0000,0.0080,-127.18,24.94,0.08,0.00,49.88
14.2000,0.0085,0.0038,0.0014,0.0000,0.0080,-135.74,23.02,0.08,0.00,46.03
14.3000,0.0091,0.0038,0.0014,0.0000,0.0080,-143.54,21.71,0.08,0.00,43.41
14.4000,0.0097,0.0038,0.0014,0.0000,0.0080,-151.95,20.36,0.08,0.00,40.73
14.5000,0.0104,0.0038,0.0014,0.0000,0.0080,-159.49,19.20,0.08,0.00,38.41
14.6000,0.0109,0.0038,0.0014,0.0000,0.0081,-167.96,18.24,0.08,0.00,36.47
14.7000,0.0113,0.0038,0.0014,0.0000,0.0081,-175.19,17.75,0.08,0.00,35.50
14.8000,0.0114,0.0038,0.0015,0.0000,0.0081,177.18,17.61,0.08,0.00,35.22
14.9000,0.0111,0.0038,0.0015,0.0000,0.0081,169.73,17.96,0.08,0.00,35.93
15.0000,0.0109,0.0038,0.0015,0.0000,0.0081,161.79,18.36,0.08,0.00,36.73
15.1000,0.0103,0.0038,0.0015,0.0000,0.0081,153.25,19.41,0.09,0.00,38.83
15.2000,0.0097,0.0038,0.0015,0.0000,0.0081,144.86,20.45,0.09,0.00,40.89
15.3000,0.0091,0.0038,0.0015,0.0000,0.0081,137.25,21.70,0.09,0.00,43.41
15.4000,0.0087,0.0038,0.0015,0.0000,0.0082,128.64,22.58,0.09,0.00,45.16
15.5000,0.0083,0.0038,0.0015,0.0000,0.0082,119.51,23.74,0.09,0.00,47.49
15.6000,0.0079,0.0038,0.0015,0.0000,0.0082,109.67,24.68,0.09,0.00,49.35
15.7000,0.0075,0.0038,0.0015,0.0000,0.0082,99.30,25.96,0.09,0.00,51.92
15.8000,0.0073,0.0038,0.0016,0.0000,0.0082,90.28,26.55,0.09,0.00,53.11
15.9000,0.0070,0.0038,0.0016,0.0000,0.0082,79.83,27.71,0.09,0.00,55.43
16.0000,0.0067,0.0038,0.0016,0.0000,0.0082,71.75,28.90,0.09,0.00,57.80
16.1000,0.0062,0.0038,0.0016,0.0000,0.0082,62.81,30.79,0.09,0.00,61.57
16.2000,0.0057,0.0038,0.0016,0.0000,0.0082,55.94,33.03,0.09,0.00,66.07
16.3000,0.0052,0.0038,0.0016,0.0000,0.0083,47.52,35.61,0.09,0.00,71.21
16.4000,0.0047,0.0038,0.0016,0.0000,0.0083,39.16,38.39,0.09,0.00,76.77
16.5000,0.0044,0.0038,0.0016,0.0000,0.0083,26.80,40.55,0.09,0.00,81.11
16.6000,0.0041,0.0038,0.0016,0.0000,0.0083,13.00,42.60,0.09,0.00,85.20
16.7000,0.0039,0.0038,0.0017,0.0000,0.0083,-4.02,44.39,0.10,0.00,88.77
16.8000,0.0038,0.0038,0.0017,0.0000,0.0083,-19.96,45.67,0.10,0.00,91.34
16.9000,0.0039,0.0038,0.0017,0.0000,0.0083,-36.96,44.88,0.10,0.00,89.75
17.0000,0.0041,0.0038,0.0017,0.0000,0.0084,-51.23,43.25,0.10,0.00,86.50
17.1000,0.0043,0.0038,0.0017,0.0000,0.0084,-64.63,41.27,0.10,0.00,82.53
17.2000,0.0044,0.0038,0.0017,0.0000,0.0084,-77.28,40.53,0.10,0.00,81.05
17.3000,0.0049,0.0038,0.0017,0.0000,0.0084,-86.77,37.53,0.10,0.00,75.06
17.4000,0.0054,0.0038,0.0017,0.0000,0.0084,-94.82,34.56,0.10,0.00,69.11
17.5000,0.0058,0.0038,0.0018,0.0000,0.0084,-101.31,32.64,0.10,0.00,65.28
17.6000,0.0061,0.0038,0.0018,0.0000,0.0084,-106.91,31.40,0.10,0.00,62.80
17.7000,0.0063,0.0038,0.0018,0.0000,0.0085,-112.87,30.50,0.10,0.00,61.00
17.8000,0.0064,0.0038,0.0018,0.0000,0.0085,-118.86,30.14,0.10,0.00,60.28
17.9000,0.0063,0.0038,0.0018,0.0000,0.0085,-125.72,30.35,0.10,0.00,60.70
18.0000,0.0061,0.0038,0.0018,0.0000,0.0085,-133.23,31.41,0.10,0.00,62.81
18.1000,0.0058,0.0038,0.0018,0.0000,0.0085,-142.74,32.76,0.10,0.00,65.52
18.2000,0.0054,0.0038,0.0018,0.0000,0.0085,-152.32,34.96,0.11,0.00,69.91
18.3000,0.0050,0.0038,0.0019,0.0000,0.0085,-162.13,36.75,0.11,0.00,73.50
18.4000,0.0047,0.0038,0.0019,0.0000,0.0086,-174.43,39.08,0.11,0.00,78.17
18.5000,0.0044,0.0039,0.0019,0.0000,0.0086,169.80,40.85,0.11,0.00,81.70
18.6000,0.0040,0.0039,0.0019,0.0000,0.0086,149.06,43.69,0.11,0.00,87.37
18.7000,0.0037,0.0039,0.0019,0.0000,0.0086,126.94,46.58,0.11,0.00,93.16
18.8000,0.0036,0.0039,0.0019,0.0000,0.0086,98.33,47.71,0.11,0.00,95.42
18.9000,0.0040,0.0039,0.0019,0.0000,0.0086,70.37,43.71,0.11,0.00,87.41
19.0000,0.0053,0.0039,0.0019,0.0000,0.0086,43.59,35.28,0.11,0.00,70.57
19.1000,0.0068,0.0039,0.0020,0.0000,0.0087,22.08,28.65,0.11,0.00,57.30
19.2000,0.0086,0.0039,0.0020,0.0000,0.0087,4.95,23.10,0.11,0.00,46.21
19.3000,0.0102,0.0039,0.0020,0.0000,0.0087,-8.51,19.64,0.11,0.00,39.29
19.4000,0.0120,0.0039,0.0020,0.0000,0.0087,-19.09,16.93,0.11,0.00,33.86
19.5000,0.0136,0.0039,0.0020,0.0000,0.0087,-29.47,15.00,0.12,0.00,30.01
19.6000,0.0149,0.0039,0.0020,0.0000,0.0087,-38.60,13.74,0.12,0.00,27.47
19.7000,0.0159,0.0039,0.0020,0.0000,0.0088,-47.59,12.93,0.12,0.00,25.87
19.8000,0.0165,0.0039,0.0021,0.0000,0.0088,-55.88,12.41,0.12,0.00,24.83
19.9000,0.0170,0.0039,0.0021,0.0000,0.0088,-64.52,12.12,0.12,0.00,24.24
20.0000,0.0171,0.0039,0.0021,0.0000,0.0088,-72.35,12.04,0.12,0.00,24.08
20.1000,0.0172,0.0039,0.0021,0.0000,0.0088,-81.55,12.00,0.12,0.00,24.00
20.2000,0.0170,0.0039,0.0021,0.0000,0.0089,-90.74,12.10,0.12,0.00,24.20
20.3000,0.0166,0.0039,0.0021,0.0000,0.0089,-100.78,12.37,0.12,0.00,24.75
20.4000,0.0162,0.0039,0.0021,0.0000,0.0089,-110.46,12.70,0.12,0.00,25.39
20.5000,0.0157,0.0039,0.0022,0.0000,0.0089,-121.49,13.10,0.12,0.00,26.21
20.6000,0.0148,0.0039,0.0022,0.0000,0.0089,-130.90,13.83,0.12,0.00,27.65
20.7000,0.0139,0.0039,0.0022,0.0000,0.0089,-140.50,14.77,0.13,0.00,29.53
20.8000,0.0127,0.0039,0.0022,0.0000,0.0090,-147.88,16.07,0.13,0.00,32.14
20.9000,0.0114,0.0039,0.0022,0.0000,0.0090,-153.77,17.90,0.13,0.00,35.81
21.0000,0.0099,0.0039,0.0022,0.0000,0.0090,-156.59,20.44,0.13,0.00,40.88
21.1000,0.0083,0.0039,0.0022,0.0000,0.0090,-157.30,23.99,0.13,0.00,47.99
21.2000,0.0070,0.0039,0.0023,0.0000,0.0090,-153.51,27.93,0.13,0.00,55.85
21.3000,0.0062,0.0039,0.0023,0.0000,0.0091,-149.23,31.23,0.13,0.00,62.46
21.4000,0.0051,0.0039,0.0023,0.0000,0.0091,-143.56,36.46,0.13,0.00,72.91
21.5000,0.0041,0.0039,0.0023,0.0000,0.0091,-134.63,43.15,0.13,0.00,86.30
21.6000,0.0037,0.0039,0.0023,0.0000,0.0091,-116.26,47.01,0.13,0.00,94.03
21.7000,0.0040,0.0039,0.0023,0.0000,0.0091,-99.69,43.79,0.13,0.00,87.57
21.8000,0.0052,0.0039,0.0024,0.0000,0.0092,-89.58,36.04,0.14,0.00,72.09
21.9000,0.0067,0.0039,0.0024,0.0000,0.0092,-87.15,29.22,0.14,0.00,58.45
22.0000,0.0083,0.0039,0.0024,0.0000,0.0092,-88.70,24.13,0.14,0.00,48.27
22.1000,0.0101,0.0039,0.0024,0.0000,0.0092,-93.57,20.12,0.14,0.00,40.24
22.2000,0.0122,0.0039,0.0024,0.0000,0.0092,-99.56,16.79,0.14,0.00,33.58
22.3000,0.0147,0.0039,0.0024,0.0000,0.0093,-108.07,14.05,0.14,0.00,28.10
22.4000,0.0170,0.0039,0.0025,0.0000,0.0093,-117.01,12.15,0.14,0.00,24.30
22.5000,0.0187,0.0039,0.0025,0.0000,0.0093,-125.29,11.11,0.14,0.00,22.23
22.6000,0.0194,0.0039,0.0025,0.0000,0.0093,-130.13,10.70,0.14,0.00,21.41
22.7000,0.0194,0.0039,0.0025,0.0000,0.0093,-133.14,10.71,0.14,0.00,21.41
22.8000,0.0196,0.0039,0.0025,0.0000,0.0094,-137.63,10.63,0.14,0.00,21.27
22.9000,0.0194,0.0039,0.0025,0.0000,0.0094,-142.41,10.70,0.15,0.00,21.40
23.0000,0.0195,0.0039,0.0026,0.0000,0.0094,-146.90,10.66,0.15,0.00,21.32
23.1000,0.0196,0.0039,0.0026,0.0000,0.0094,-153.08,10.60,0.15,0.00,21.20
23.2000,0.0196,0.0040,0.0026,0.0000,0.0095,-159.85,10.62,0.15,0.00,21.23
23.3000,0.0190,0.0040,0.0026,0.0000,0.0095,-167.96,10.94,0.15,0.00,21.88
23.4000,0.0180,0.0040,0.0026,0.0000,0.0095,-175.92,11.53,0.15,0.00,23.07
23.5000,0.0167,0.0040,0.0027,0.0000,0.0095,175.20,12.44,0.15,0.00,24.88
23.6000,0.0150,0.0040,0.0027,0.0000,0.0096,166.18,13.84,0.15,0.00,27.68
23.7000,0.0127,0.0040,0.0027,0.0000,0.0096,154.68,16.22,0.15,0.00,32.45
23.8000,0.0104,0.0040,0.0027,0.0000,0.0096,141.14,19.51,0.16,0.00,39.02
23.9000,0.0100,0.0040,0.0027,0.0000,0.0096,120.54,20.35,0.16,0.00,40.70
24.0000,0.0095,0.0040,0.0027,0.0000,0.0097,103.15,21.42,0.16,0.00,42.85
24.1000,0.0080,0.0040,0.0028,0.0000,0.0097,84.28,24.94,0.16,0.00,49.88
24.2000,0.0066,0.0040,0.0028,0.0000,0.0097,58.84,29.77,0.16,0.00,59.54
24.3000,0.0060,0.0040,0.0028,0.0000,0.0097,25.57,32.28,0.16,0.00,64.56
24.4000,0.0066,0.0040,0.0028,0.0000,0.0098,-8.38,29.69,0.16,0.00,59.38
24.5000,0.0082,0.0040,0.0028,0.0000,0.0098,-35.04,24.52,0.16,0.00,49.05
24.6000,0.0101,0.0040,0.0029,0.0000,0.0098,-55.73,20.14,0.16,0.00,40.28
24.7000,0.0122,0.0040,0.0029,0.0000,0.0098,-73.34,16.90,0.17,0.00,33.80
24.8000,0.0144,0.0040,0.0029,0.0000,0.0099,-88.61,14.40,0.17,0.00,28.79
24.9000,0.0167,0.0040,0.0029,0.0000,0.0099,-102.51,12.46,0.17,0.00,24.93
25.0000,0.0188,0.0040,0.0029,0.0000,0.0099,-112.99,11.12,0.17,0.00,22.25
25.1000,0.0219,0.0040,0.0030,0.0000,0.0099,-124.97,9.58,0.17,0.00,19.16
25.2000,0.0244,0.0040,0.0030,0.0000,0.0100,-133.35,8.62,0.17,0.00,17.25
25.3000,0.0259,0.0040,0.0030,0.0000,0.0100,-142.03,8.14,0.17,0.00,16.29
25.4000,0.0254,0.0040,0.0030,0.0000,0.0100,-151.80,8.28,0.17,0.00,16.56
25.5000,0.0240,0.0040,0.0030,0.0000,0.0101,-161.02,8.75,0.17,0.00,17.51
25.6000,0.0230,0.0040,0.0031,0.0000,0.0101,-173.78,9.13,0.18,0.00,18.27
25.7000,0.0226,0.0040,0.0031,0.0000,0.0101,171.79,9.29,0.18,0.00,18.58
25.8000,0.0221,0.0040,0.0031,0.0000,0.0101,157.28,9.51,0.18,0.00,19.02
25.9000,0.0217,0.0040,0.0031,0.0000,0.0102,141.92,9.67,0.18,0.00,19.33
26.0000,0.0217,0.0040,0.0032,0.0000,0.0102,126.34,9.70,0.18,0.00,19.41
26.1000,0.0217,0.0040,0.0032,0.0000,0.0102,110.87,9.69,0.18,0.00,19.39
26.2000,0.0219,0.0040,0.0032,0.0000,0.0103,96.39,9.61,0.18,0.00,19.23
26.3000,0.0219,0.0040,0.0032,0.0000,0.0103,82.45,9.61,0.18,0.00,19.22
26.4000,0.0218,0.0040,0.0032,0.0000,0.0103,68.77,9.65,0.19,0.00,19.31
26.5000,0.0215,0.0040,0.0033,0.0000,0.0104,54.04,9.77,0.19,0.00,19.55
26.6000,0.0210,0.0040,0.0033,0.0000,0.0104,39.41,10.01,0.19,0.00,20.03
26.7000,0.0206,0.0040,0.0033,0.0000,0.0104,23.74,10.21,0.19,0.00,20.41
26.8000,0.0203,0.0040,0.0033,0.0000,0.0105,9.21,10.36,0.19,0.00,20.71
26.9000,0.0204,0.0040,0.0034,0.0000,0.0105,-5.33,10.32,0.19,0.00,20.65
27.0000,0.0204,0.0040,0.0034,0.0000,0.0105,-18.93,10.32,0.19,0.00,20.63
27.1000,0.0206,0.0040,0.0034,0.0000,0.0106,-32.58,10.21,0.20,0.00,20.42
27.2000,0.0205,0.0040,0.0034,0.0000,0.0106,-45.77,10.27,0.20,0.00,20.55
27.3000,0.0205,0.0040,0.0035,0.0000,0.0106,-58.62,10.29,0.20,0.00,20.59
27.4000,0.0198,0.0040,0.0035,0.0000,0.0107,-71.85,10.61,0.20,0.00,21.22
27.5000,0.0193,0.0040,0.0035,0.0000,0.0107,-83.95,10.89,0.20,0.00,21.77
27.6000,0.0183,0.0040,0.0035,0.0000,0.0107,-97.03,11.47,0.20,0.00,22.95
27.7000,0.0171,0.0040,0.0035,0.0000,0.0108,-110.08,12.24,0.20,0.00,24.49
27.8000,0.0160,0.0040,0.0036,0.0000,0.0108,-124.53,13.10,0.20,0.00,26.21
27.9000,0.0148,0.0040,0.0036,0.0000,0.0108,-138.89,14.13,0.21,0.00,28.26
28.0000,0.0139,0.0040,0.0036,0.0000,0.0109,-154.65,15.04,0.21,0.00,30.08
28.1000,0.0128,0.0040,0.0036,0.0000,0.0109,-171.31,16.19,0.21,0.00,32.39
28.2000,0.0124,0.0041,0.0037,0.0000,0.0109,171.52,16.72,0.21,0.00,33.43
28.3000,0.0122,0.0041,0.0037,0.0000,0.0110,154.70,16.96,0.21,0.00,33.93
28.4000,0.0123,0.0041,0.0037,0.0000,0.0110,138.40,16.88,0.21,0.00,33.77
28.5000,0.0125,0.0041,0.0037,0.0000,0.0111,122.75,16.62,0.21,0.00,33.24
28.6000,0.0133,0.0041,0.0038,0.0000,0.0111,109.28,15.68,0.22,0.00,31.36
28.7000,0.0136,0.0041,0.0038,0.0000,0.0111,95.80,15.40,0.22,0.00,30.79
28.8000,0.0139,0.0041,0.0038,0.0000,0.0112,82.20,15.07,0.22,0.00,30.13
28.9000,0.0140,0.0041,0.0039,0.0000,0.0112,66.75,14.89,0.22,0.00,29.79
29.0000,0.0147,0.0041,0.0039,0.0000,0.0112,50.69,14.29,0.22,0.00,28.59
29.1000,0.0159,0.0041,0.0039,0.0000,0.0113,35.34,13.19,0.22,0.00,26.39
29.2000,0.0176,0.0041,0.0039,0.0000,0.0113,20.45,11.97,0.23,0.00,23.94
29.3000,0.0192,0.0041,0.0040,0.0000,0.0114,6.79,10.99,0.23,0.00,21.99
29.4000,0.0209,0.0041,0.0040,0.0000,0.0114,-5.99,10.16,0.23,0.00,20.33
29.5000,0.0217,0.0041,0.0040,0.0000,0.0114,-15.81,9.79,0.23,0.00,19.59
29.6000,0.0222,0.0041,0.0040,0.0000,0.0115,-25.26,9.57,0.23,0.00,19.15
29.7000,0.0222,0.0041,0.0041,0.0000,0.0115,-33.99,9.56,0.23,0.00,19.13
29.8000,0.0220,0.0041,0.0041,0.0000,0.0116,-43.31,9.64,0.24,0.00,19.28
29.9000,0.0210,0.0041,0.0041,0.0000,0.0116,-51.01,10.08,0.24,0.00,20.17
30.0000,0.0198,0.0041,0.0042,0.0000,0.0117,-57.76,10.70,0.24,0.00,21.40
30.1000,0.0184,0.0041,0.0042,0.0000,0.0117,-62.32,11.48,0.24,0.00,22.97
30.2000,0.0176,0.0041,0.0042,0.0000,0.0118,-67.39,12.03,0.24,0.00,24.06
30.3000,0.0170,0.0041,0.0042,0.0000,0.0118,-76.25,12.39,0.24,0.00,24.78
30.4000,0.0163,0.0041,0.0043,0.0000,0.0118,-88.30,12.90,0.24,0.00,25.81
30.5000,0.0152,0.0041,0.0043,0.0000,0.0119,-102.01,13.86,0.25,0.00,27.72
30.6000,0.0149,0.0041,0.0043,0.0000,0.0119,-111.45,14.16,0.25,0.00,28.32
30.7000,0.0139,0.0041,0.0044,0.0000,0.0120,-124.30,15.14,0.25,0.00,30.28
30.8000,0.0125,0.0041,0.0044,0.0000,0.0120,-134.93,16.69,0.25,0.00,33.39
30.9000,0.0113,0.0041,0.0044,0.0000,0.0121,-144.02,18.46,0.25,0.00,36.92
31.0000,0.0100,0.0041,0.0045,0.0000,0.0121,-150.53,20.66,0.26,0.00,41.33
31.1000,0.0086,0.0041,0.0045,0.0000,0.0122,-155.12,23.69,0.26,0.00,47.39
31.2000,0.0080,0.0041,0.0045,0.0000,0.0122,-158.91,25.40,0.26,0.00,50.79
31.3000,0.0072,0.0041,0.0045,0.0000,0.0123,-159.66,27.79,0.26,0.00,55.59
31.4000,0.0064,0.0041,0.0046,0.0000,0.0123,-156.45,30.89,0.26,0.00,61.78
31.5000,0.0060,0.0041,0.0046,0.0000,0.0124,-147.25,32.61,0.26,0.00,65.23
31.6000,0.0060,0.0041,0.0046,0.0000,0.0124,-136.10,32.78,0.27,0.00,65.55
31.7000,0.0065,0.0041,0.0047,0.0000,0.0125,-129.72,30.64,0.27,0.00,61.28
31.8000,0.0072,0.0041,0.0047,0.0000,0.0125,-125.87,27.88,0.27,0.00,55.77
31.9000,0.0081,0.0041,0.0047,0.0000,0.0126,-124.06,24.98,0.27,0.00,49.97
32.0000,0.0092,0.0041,0.0048,0.0000,0.0126,-123.60,22.46,0.27,0.00,44.92
32.1000,0.0102,0.0041,0.0048,0.0000,0.0127,-125.63,20.31,0.28,0.00,40.62
32.2000,0.0113,0.0041,0.0048,0.0000,0.0127,-128.10,18.46,0.28,0.00,36.92
32.3000,0.0126,0.0041,0.0049,0.0000,0.0128,-132.30,16.64,0.28,0.00,33.28
32.4000,0.0140,0.0041,0.0049,0.0000,0.0128,-136.67,15.01,0.28,0.00,30.02
32.5000,0.0151,0.0041,0.0049,0.0000,0.0129,-142.28,14.03,0.28,0.00,28.07
32.6000,0.0159,0.0041,0.0050,0.0000,0.0129,-147.02,13.31,0.29,0.00,26.63
32.7000,0.0165,0.0041,0.0050,0.0000,0.0130,-150.38,12.87,0.29,0.00,25.75
32.8000,0.0173,0.0041,0.0050,0.0000,0.0131,-150.97,12.26,0.29,0.00,24.52
32.9000,0.0180,0.0041,0.0051,0.0000,0.0131,-151.57,11.83,0.29,0.00,23.67
33.0000,0.0184,0.0041,0.0051,0.0000,0.0132,-151.95,11.58,0.29,0.00,23.17

