0.2000,0.9972,0.0034,0.0005,0.0000,0.0069,165.31,0.20,0.03,0.00,0.40,
0.3000,0.9967,0.0034,0.0005,0.0000,0.0069,158.04,0.20,0.03,0.00,0.39,
0.4000,0.9960,0.0034,0.0005,0.0000,0.0069,150.78,0.19,0.03,0.00,0.39,
0.5000,0.9956,0.0034,0.0005,0.0000,0.0068,143.50,0.19,0.03,0.00,0.39,
0.6000,0.9949,0.0034,0.0005,0.0000,0.0068,136.24,0.20,0.03,0.00,0.40,
0.7000,0.9947,0.0034,0.0005,0.0000,0.0069,128.99,0.20,0.03,0.00,0.40,
0.8000,0.9944,0.0034,0.0006,0.0000,0.0069,121.74,0.20,0.03,0.00,0.40,
0.9000,0.9941,0.0034,0.0006,0.0000,0.0069,114.51,0.20,0.03,0.00,0.40,
1.0000,0.9937,0.0034,0.0006,0.0000,0.0069,107.29,0.20,0.03,0.00,0.40,
1.1000,0.9935,0.0034,0.0006,0.0000,0.0069,100.07,0.20,0.03,0.00,0.40,
1.2000,0.9932,0.0034,0.0006,0.0000,0.0069,92.82,0.20,0.03,0.00,0.40,
1.3000,0.9932,0.0034,0.0006,0.0000,0.0069,85.58,0.20,0.03,0.00,0.41,
1.4000,0.9928,0.0034,0.0006,0.0000,0.0069,78.31,0.20,0.03,0.00,0.41,
1.5000,0.9928,0.0034,0.0006,0.0000,0.0069,71.05,0.20,0.03,0.00,0.41,
1.6000,0.9925,0.0034,0.0006,0.0000,0.0069,63.81,0.20,0.03,0.00,0.41,
1.7000,0.9926,0.0034,0.0006,0.0000,0.0069,56.63,0.20,0.03,0.00,0.41,
1.8000,0.9926,0.0034,0.0006,0.0000,0.0069,49.42,0.21,0.03,0.00,0.42,
1.9000,0.9924,0.0034,0.0006,0.0000,0.0069,42.24,0.21,0.03,0.00,0.42,
2.0000,0.9924,0.0034,0.0006,0.0000,0.0069,35.02,0.21,0.03,0.00,0.42,
2.1000,0.9922,0.0034,0.0006,0.0000,0.0070,27.82,0.21,0.03,0.00,0.42,
2.2000,0.9924,0.0034,0.0006,0.0000,0.0070,20.63,0.21,0.03,0.00,0.43,
2.3000,0.9923,0.0034,0.0006,0.0000,0.0070,13.46,0.21,0.04,0.00,0.43,
2.4000,0.9926,0.0034,0.0006,0.0000,0.0070,6.23,0.21,0.04,0.00,0.43,
2.5000,0.9925,0.0034,0.0006,0.0000,0.0070,-0.96,0.21,0.04,0.00,0.44,
2.6000,0.9927,0.0034,0.0006,0.0000,0.0070,-8.18,0.22,0.04,0.00,0.44,
2.7000,0.9926,0.0034,0.0006,0.0000,0.0070,-15.40,0.22,0.04,0.00,0.44,
2.8000,0.9930,0.0034,0.0006,0.0000,0.0070,-22.58,0.22,0.04,0.00,0.44,
2.9000,0.9930,0.0035,0.0006,0.0000,0.0070,-29.77,0.22,0.04,0.00,0.45,
3.0000,0.9932,0.0035,0.0006,0.0000,0.0070,-36.97,0.22,0.04,0.00,0.45,
3.1000,0.9932,0.0035,0.0006,0.0000,0.0070,-44.13,0.22,0.04,0.00,0.45,
3.2000,0.9933,0.0035,0.0007,0.0000,0.0070,-51.31,0.23,0.04,0.00,0.46,
3.3000,0.9933,0.0035,0.0007,0.0000,0.0071,-58.55,0.23,0.04,0.00,0.46,
3.4000,0.9937,0.0035,0.0007,0.0000,0.0071,-65.72,0.23,0.04,0.00,0.47,
3.5000,0.9939,0.0035,0.0007,0.0000,0.0071,-72.94,0.23,0.04,0.00,0.47,
3.6000,0.9939,0.0035,0.0007,0.0000,0.0071,-80.17,0.23,0.04,0.00,0.47,
3.7000,0.9938,0.0035,0.0007,0.0000,0.0071,-87.41,0.24,0.04,0.00,0.48,
3.8000,0.9937,0.0035,0.0007,0.0000,0.0071,-94.62,0.24,0.04,0.00,0.48,
3.9000,0.9940,0.0035,0.0007,0.0000,0.0071,-101.93,0.24,0.04,0.00,0.49,
4.0000,0.9941,0.0035,0.0007,0.0000,0.0071,-109.14,0.24,0.04,0.00,0.49,
4.1000,0.9941,0.0035,0.0007,0.0000,0.0071,-116.39,0.24,0.04,0.00,0.49,
4.2000,0.9937,0.0035,0.0007,0.0000,0.0071,-123.64,0.25,0.04,0.00,0.50,
4.3000,0.9939,0.0035,0.0007,0.0000,0.0071,-130.85,0.25,0.04,0.00,0.50,
4.4000,0.9939,0.0035,0.0007,0.0000,0.0071,-138.06,0.25,0.04,0.00,0.51,
4.5000,0.9940,0.0035,0.0007,0.0000,0.0071,-145.30,0.25,0.04,0.00,0.51,
4.6000,0.9937,0.0035,0.0007,0.0000,0.0072,-152.53,0.25,0.04,0.00,0.52,
4.7000,0.9940,0.0035,0.0007,0.0000,0.0072,-159.75,0.26,0.04,0.00,0.52,
4.8000,0.9936,0.0035,0.0007,0.0000,0.0072,-167.00,0.26,0.04,0.00,0.52,
4.9000,0.9932,0.0035,0.0007,0.0000,0.0072,-174.27,0.26,0.04,0.00,0.53,
5.0000,0.9925,0.0035,0.0007,0.0000,0.0072,178.48,0.26,0.04,0.00,0.53,
5.1000,0.9924,0.0035,0.0007,0.0000,0.0072,171.25,0.27,0.04,0.00,0.54,
5.2000,0.9924,0.0035,0.0007,0.0000,0.0072,163.99,0.27,0.04,0.00,0.54,
5.3000,0.9923,0.0035,0.0008,0.0000,0.0072,156.74,0.27,0.04,0.00,0.55,
5.4000,0.9919,0.0035,0.0008,0.0000,0.0072,149.49,0.27,0.04,0.00,0.55,
5.5000,0.9920,0.0035,0.0008,0.0000,0.0072,142.29,0.28,0.04,0.00,0.56,
5.6000,0.9919,0.0035,0.0008,0.0000,0.0072,135.08,0.28,0.04,0.00,0.56,
5.7000,0.9918,0.0035,0.0008,0.0000,0.0072,127.88,0.28,0.04,0.00,0.57,
5.8000,0.9914,0.0035,0.0008,0.0000,0.0073,120.67,0.28,0.04,0.00,0.57,
5.9000,0.9914,0.0035,0.0008,0.0000,0.0073,113.49,0.29,0.05,0.00,0.58,
6.0000,0.9913,0.0035,0.0008,0.0000,0.0073,106.30,0.29,0.05,0.00,0.58,
6.1000,0.9911,0.0035,0.0008,0.0000,0.0073,99.11,0.29,0.05,0.00,0.59,
6.2000,0.9907,0.0036,0.0008,0.0000,0.0073,91.88,0.29,0.05,0.00,0.60,
6.3000,0.9902,0.0036,0.0008,0.0000,0.0073,84.65,0.30,0.05,0.00,0.60,
6.4000,0.9900,0.0036,0.0008,0.0000,0.0073,77.41,0.30,0.05,0.00,0.61,
6.5000,0.9897,0.0036,0.0008,0.0000,0.0073,70.18,0.30,0.05,0.00,0.61,
6.6000,0.9895,0.0036,0.0008,0.0000,0.0073,62.95,0.30,0.05,0.00,0.62,
6.7000,0.9892,0.0036,0.0008,0.0000,0.0073,55.76,0.31,0.05,0.00,0.62,
6.8000,0.9890,0.0036,0.0008,0.0000,0.0073,48.57,0.31,0.05,0.00,0.63,
6.9000,0.9888,0.0036,0.0008,0.0000,0.0073,41.39,0.31,0.05,0.00,0.63,
7.0000,0.9885,0.0036,0.0008,0.0000,0.0073,34.20,0.32,0.05,0.00,0.64,
7.1000,0.9883,0.0036,0.0009,0.0000,0.0074,27.02,0.32,0.05,0.00,0.64,
7.2000,0.9881,0.0036,0.0009,0.0000,0.0074,19.85,0.32,0.05,0.00,0.65,
7.3000,0.9876,0.0036,0.0009,0.0000,0.0074,12.66,0.32,0.05,0.00,0.66,
7.4000,0.9871,0.0036,0.0009,0.0000,0.0074,5.46,0.33,0.05,0.00,0.66,
7.5000,0.9867,0.0036,0.0009,0.0000,0.0074,-1.73,0.33,0.05,0.00,0.67,
7.6000,0.9867,0.0036,0.0009,0.0000,0.0074,-8.95,0.33,0.05,0.00,0.67,
7.7000,0.9868,0.0036,0.0009,0.0000,0.0074,-16.16,0.34,0.05,0.00,0.68,
7.8000,0.9871,0.0036,0.0009,0.0000,0.0074,-23.37,0.34,0.05,0.00,0.68,
7.9000,0.9876,0.0036,0.0009,0.0000,0.0074,-30.59,0.34,0.05,0.00,0.69,
8.0000,0.9881,0.0036,0.0009,0.0000,0.0074,-37.81,0.34,0.05,0.00,0.69,
8.1000,0.9883,0.0036,0.0009,0.0000,0.0074,-45.02,0.35,0.05,0.00,0.70,
8.2000,0.9885,0.0036,0.0009,0.0000,0.0074,-52.22,0.35,0.05,0.00,0.71,
8.3000,0.9887,0.0036,0.0009,0.0000,0.0075,-59.42,0.35,0.05,0.00,0.71,
8.4000,0.9890,0.0036,0.0009,0.0000,0.0075,-66.63,0.35,0.05,0.00,0.72,
8.5000,0.9889,0.0036,0.0009,0.0000,0.0075,-73.86,0.36,0.05,0.00,0.72,
8.6000,0.9890,0.0036,0.0009,0.0000,0.0075,-81.07,0.36,0.05,0.00,0.73,
8.7000,0.9892,0.0036,0.0010,0.0000,0.0075,-88.29,0.36,0.05,0.00,0.74,
8.8000,0.9896,0.0036,0.0010,0.0000,0.0075,-95.50,0.37,0.06,0.00,0.74,
8.9000,0.9898,0.0036,0.0010,0.0000,0.0075,-102.74,0.37,0.06,0.00,0.75,
9.0000,0.9901,0.0036,0.0010,0.0000,0.0075,-109.97,0.37,0.06,0.00,0.75,
9.1000,0.9903,0.0036,0.0010,0.0000,0.0075,-117.21,0.38,0.06,0.00,0.76,
9.2000,0.9909,0.0036,0.0010,0.0000,0.0075,-124.43,0.38,0.06,0.00,0.76,
9.3000,0.9909,0.0036,0.0010,0.0000,0.0075,-131.67,0.38,0.06,0.00,0.77,
9.4000,0.9906,0.0036,0.0010,0.0000,0.0075,-138.88,0.38,0.06,0.00,0.78,
9.5000,0.9907,0.0036,0.0010,0.0000,0.0076,-146.14,0.39,0.06,0.00,0.78,
9.6000,0.9906,0.0036,0.0010,0.0000,0.0076,-153.38,0.39,0.06,0.00,0.79,
9.7000,0.9907,0.0036,0.0010,0.0000,0.0076,-160.65,0.39,0.06,0.00,0.79,
9.8000,0.9905,0.0036,0.0010,0.0000,0.0076,-167.90,0.40,0.06,0.00,0.80,
9.9000,0.9907,0.0037,0.0010,0.0000,0.0076,-175.16,0.40,0.06,0.00,0.81,
10.0000,0.9905,0.0037,0.0010,0.0000,0.0076,177.57,0.40,0.06,0.00,0.81,
10.1000,0.9906,0.0037,0.0011,0.0000,0.0076,170.30,0.41,0.06,0.00,0.82,
10.2000,0.9903,0.0037,0.0011,0.0000,0.0076,163.03,0.41,0.06,0.00,0.83,
10.3000,0.9903,0.0037,0.0011,0.0000,0.0076,155.79,0.41,0.06,0.00,0.83,
10.4000,0.9898,0.0037,0.0011,0.0000,0.0076,148.57,0.41,0.06,0.00,0.84,
10.5000,0.9894,0.0037,0.0011,0.0000,0.0076,141.35,0.42,0.06,0.00,0.84,
10.6000,0.9889,0.0037,0.0011,0.0000,0.0077,134.14,0.42,0.06,0.00,0.85,
10.7000,0.9883,0.0037,0.0011,0.0000,0.0077,126.94,0.42,0.06,0.00,0.86,
10.8000,0.9878,0.0037,0.0011,0.0000,0.0077,119.75,0.43,0.06,0.00,0.86,
10.9000,0.9876,0.0037,0.0011,0.0000,0.0077,112.58,0.43,0.06,0.00,0.87,
11.0000,0.9873,0.0037,0.0011,0.0000,0.0077,105.37,0.43,0.06,0.00,0.88,
11.1000,0.9868,0.0037,0.0011,0.0000,0.0077,98.17,0.44,0.06,0.00,0.88,
11.2000,0.9864,0.0037,0.0011,0.0000,0.0077,90.93,0.44,0.07,0.00,0.89,
11.3000,0.9860,0.0037,0.0011,0.0000,0.0077,83.69,0.44,0.07,0.00,0.89,
11.4000,0.9858,0.0037,0.0012,0.0000,0.0077,76.41,0.45,0.07,0.00,0.90,
11.5000,0.9851,0.0037,0.0012,0.0000,0.0077,69.19,0.45,0.07,0.00,0.91,
11.6000,0.9848,0.0037,0.0012,0.0000,0.0077,61.93,0.45,0.07,0.00,0.91,
11.7000,0.9843,0.0037,0.0012,0.0000,0.0078,54.68,0.45,0.07,0.00,0.92,
11.8000,0.9841,0.0037,0.0012,0.0000,0.0078,47.43,0.46,0.07,0.00,0.93,
11.9000,0.9838,0.0037,0.0012,0.0000,0.0078,40.22,0.46,0.07,0.00,0.93,
12.0000,0.9839,0.0037,0.0012,0.0000,0.0078,33.04,0.46,0.07,0.00,0.94,
12.1000,0.9835,0.0037,0.0012,0.0000,0.0078,25.84,0.47,0.07,0.00,0.95,
12.2000,0.9836,0.0037,0.0012,0.0000,0.0078,18.63,0.47,0.07,0.00,0.95,
12.3000,0.9834,0.0037,0.0012,0.0000,0.0078,11.40,0.47,0.07,0.00,0.96,
12.4000,0.9834,0.0037,0.0012,0.0000,0.0078,4.17,0.48,0.07,0.00,0.96,
12.5000,0.9832,0.0037,0.0012,0.0000,0.0078,-3.05,0.48,0.07,0.00,0.97,
12.6000,0.9833,0.0037,0.0013,0.0000,0.0078,-10.25,0.48,0.07,0.00,0.98,
12.7000,0.9833,0.0037,0.0013,0.0000,0.0079,-17.50,0.49,0.07,0.00,0.98,
12.8000,0.9835,0.0037,0.0013,0.0000,0.0079,-24.72,0.49,0.07,0.00,0.99,
12.9000,0.9839,0.0037,0.0013,0.0000,0.0079,-31.94,0.49,0.07,0.00,1.00,
13.0000,0.9843,0.0037,0.0013,0.0000,0.0079,-39.10,0.50,0.07,0.00,1.00
13.1000,0.9844,0.0037,0.0013,0.0000,0.0079,-46.29,0.50,0.07,0.00,1.01
13.2000,0.9846,0.0037,0.0013,0.0000,0.0079,-53.48,0.50,0.07,0.00,1.02
13.3000,0.9849,0.0037,0.0013,0.0000,0.0079,-60.71,0.51,0.08,0.00,1.02
13.4000,0.9849,0.0037,0.0013,0.0000,0.0079,-67.94,0.51,0.08,0.00,1.03
13.5000,0.9850,0.0037,0.0013,0.0000,0.0079,-75.18,0.51,0.08,0.00,1.03
13.6000,0.9850,0.0037,0.0013,0.0000,0.0079,-82.43,0.52,0.08,0.00,1.04
13.7000,0.9851,0.0037,0.0013,0.0000,0.0080,-89.72,0.52,0.08,0.00,1.05
13.8000,0.9849,0.0037,0.0014,0.0000,0.0080,-97.01,0.52,0.08,0.00,1.05
13.9000,0.9850,0.0037,0.0014,0.0000,0.0080,-104.29,0.52,0.08,0.00,1.06
14.0000,0.9852,0.0038,0.0014,0.0000,0.0080,-111.56,0.53,0.08,0.00,1.07
14.1000,0.9854,0.0038,0.0014,0.0000,0.0080,-118.80,0.53,0.08,0.00,1.07
14.2000,0.9854,0.0038,0.0014,0.0000,0.0080,-126.04,0.53,0.08,0.00,1.08
14.3000,0.9856,0.0038,0.0014,0.0000,0.0080,-133.28,0.54,0.08,0.00,1.09
14.4000,0.9857,0.0038,0.0014,0.0000,0.0080,-140.51,0.54,0.08,0.00,1.09
14.5000,0.9856,0.0038,0.0014,0.0000,0.0080,-147.70,0.54,0.08,0.00,1.10
14.6000,0.9857,0.0038,0.0014,0.0000,0.0081,-154.91,0.55,0.08,0.00,1.11
14.7000,0.9856,0.0038,0.0014,0.0000,0.0081,-162.11,0.55,0.08,0.00,1.11
14.8000,0.9852,0.0038,0.0015,0.0000,0.0081,-169.35,0.55,0.08,0.00,1.12
14.9000,0.9853,0.0038,0.0015,0.0000,0.0081,-176.57,0.56,0.08,0.00,1.13
15.0000,0.9854,0.0038,0.0015,0.0000,0.0081,176.19,0.56,0.08,0.00,1.13
15.1000,0.9855,0.0038,0.0015,0.0000,0.0081,168.95,0.56,0.09,0.00,1.14
15.2000,0.9853,0.0038,0.0015,0.0000,0.0081,161.73,0.57,0.09,0.00,1.15
15.3000,0.9851,0.0038,0.0015,0.0000,0.0081,154.52,0.57,0.09,0.00,1.15
15.4000,0.9849,0.0038,0.0015,0.0000,0.0082,147.27,0.57,0.09,0.00,1.16
15.5000,0.9851,0.0038,0.0015,0.0000,0.0082,140.03,0.58,0.09,0.00,1.17
15.6000,0.9846,0.0038,0.0015,0.0000,0.0082,132.78,0.58,0.09,0.00,1.17
15.7000,0.9844,0.0038,0.0015,0.0000,0.0082,125.58,0.58,0.09,0.00,1.18
15.8000,0.9843,0.0038,0.0016,0.0000,0.0082,118.34,0.59,0.09,0.00,1.19
15.9000,0.9830,0.0038,0.0016,0.0000,0.0082,111.12,0.59,0.09,0.00,1.19
16.0000,0.9820,0.0038,0.0016,0.0000,0.0082,103.89,0.59,0.09,0.00,1.20
16.1000,0.9812,0.0038,0.0016,0.0000,0.0082,96.69,0.60,0.09,0.00,1.21
16.2000,0.9808,0.0038,0.0016,0.0000,0.0082,89.48,0.60,0.09,0.00,1.21
16.3000,0.9807,0.0038,0.0016,0.0000,0.0083,82.29,0.60,0.09,0.00,1.22
16.4000,0.9806,0.0038,0.0016,0.0000,0.0083,75.05,0.61,0.09,0.00,1.23
16.5000,0.9804,0.0038,0.0016,0.0000,0.0083,67.85,0.61,0.09,0.00,1.23
16.6000,0.9806,0.0038,0.0016,0.0000,0.0083,60.65,0.61,0.09,0.00,1.24
16.7000,0.9805,0.0038,0.0017,0.0000,0.0083,53.44,0.62,0.10,0.00,1.25
16.8000,0.9806,0.0038,0.0017,0.0000,0.0083,46.26,0.62,0.10,0.00,1.25
16.9000,0.9802,0.0038,0.0017,0.0000,0.0083,39.07,0.62,0.10,0.00,1.26
17.0000,0.9803,0.0038,0.0017,0.0000,0.0084,31.88,0.63,0.10,0.00,1.27
17.1000,0.9798,0.0038,0.0017,0.0000,0.0084,24.68,0.63,0.10,0.00,1.27
17.2000,0.9797,0.0038,0.0017,0.0000,0.0084,17.52,0.63,0.10,0.00,1.28
17.3000,0.9797,0.0038,0.0017,0.0000,0.0084,10.33,0.64,0.10,0.00,1.29
17.4000,0.9797,0.0038,0.0017,0.0000,0.0084,3.15,0.64,0.10,0.00,1.29
17.5000,0.9793,0.0038,0.0018,0.0000,0.0084,-4.09,0.64,0.10,0.00,1.30
17.6000,0.9794,0.0038,0.0018,0.0000,0.0084,-11.32,0.65,0.10,0.00,1.31
17.7000,0.9796,0.0038,0.0018,0.0000,0.0085,-18.60,0.65,0.10,0.00,1.31
17.8000,0.9799,0.0038,0.0018,0.0000,0.0085,-25.85,0.65,0.10,0.00,1.32
17.9000,0.9800,0.0038,0.0018,0.0000,0.0085,-33.10,0.66,0.10,0.00,1.33
18.0000,0.9805,0.0038,0.0018,0.0000,0.0085,-40.33,0.66,0.10,0.00,1.33
18.1000,0.9811,0.0038,0.0018,0.0000,0.0085,-47.56,0.66,0.10,0.00,1.34
18.2000,0.9814,0.0038,0.0018,0.0000,0.0085,-54.81,0.67,0.11,0.00,1.35
18.3000,0.9819,0.0038,0.0019,0.0000,0.0085,-62.05,0.67,0.11,0.00,1.35
18.4000,0.9823,0.0038,0.0019,0.0000,0.0086,-69.27,0.67,0.11,0.00,1.36
18.5000,0.9827,0.0039,0.0019,0.0000,0.0086,-76.50,0.68,0.11,0.00,1.37
18.6000,0.9830,0.0039,0.0019,0.0000,0.0086,-83.74,0.68,0.11,0.00,1.37
18.7000,0.9835,0.0039,0.0019,0.0000,0.0086,-91.04,0.68,0.11,0.00,1.38
18.8000,0.9838,0.0039,0.0019,0.0000,0.0086,-98.31,0.68,0.11,0.00,1.39
18.9000,0.9842,0.0039,0.0019,0.0000,0.0086,-105.56,0.69,0.11,0.00,1.39
19.0000,0.9842,0.0039,0.0019,0.0000,0.0086,-112.79,0.69,0.11,0.00,1.40
19.1000,0.9843,0.0039,0.0020,0.0000,0.0087,-120.03,0.69,0.11,0.00,1.41
19.2000,0.9845,0.0039,0.0020,0.0000,0.0087,-127.24,0.70,0.11,0.00,1.41
19.3000,0.9849,0.0039,0.0020,0.0000,0.0087,-134.41,0.70,0.11,0.00,1.42
19.4000,0.9853,0.0039,0.0020,0.0000,0.0087,-141.61,0.70,0.11,0.00,1.43
19.5000,0.9855,0.0039,0.0020,0.0000,0.0087,-148.74,0.71,0.12,0.00,1.43
19.6000,0.9855,0.0039,0.0020,0.0000,0.0087,-155.90,0.71,0.12,0.00,1.44
19.7000,0.9856,0.0039,0.0020,0.0000,0.0088,-163.09,0.71,0.12,0.00,1.45
19.8000,0.9857,0.0039,0.0021,0.0000,0.0088,-170.32,0.72,0.12,0.00,1.46
19.9000,0.9857,0.0039,0.0021,0.0000,0.0088,-177.53,0.72,0.12,0.00,1.46
20.0000,0.9855,0.0039,0.0021,0.0000,0.0088,175.23,0.72,0.12,0.00,1.47
20.1000,0.9852,0.0039,0.0021,0.0000,0.0088,167.97,0.73,0.12,0.00,1.48
20.2000,0.9850,0.0039,0.0021,0.0000,0.0089,160.70,0.73,0.12,0.00,1.48
20.3000,0.9851,0.0039,0.0021,0.0000,0.0089,153.45,0.73,0.12,0.00,1.49
20.4000,0.9852,0.0039,0.0021,0.0000,0.0089,146.22,0.74,0.12,0.00,1.50
20.5000,0.9850,0.0039,0.0022,0.0000,0.0089,139.00,0.74,0.12,0.00,1.50
20.6000,0.9847,0.0039,0.0022,0.0000,0.0089,131.78,0.74,0.12,0.00,1.51
20.7000,0.9845,0.0039,0.0022,0.0000,0.0089,124.53,0.75,0.13,0.00,1.52
20.8000,0.9844,0.0039,0.0022,0.0000,0.0090,117.29,0.75,0.13,0.00,1.52
20.9000,0.9836,0.0039,0.0022,0.0000,0.0090,110.04,0.75,0.13,0.00,1.53
21.0000,0.9830,0.0039,0.0022,0.0000,0.0090,102.81,0.76,0.13,0.00,1.54
21.1000,0.9820,0.0039,0.0022,0.0000,0.0090,95.55,0.76,0.13,0.00,1.55
21.2000,0.9812,0.0039,0.0023,0.0000,0.0090,88.32,0.77,0.13,0.00,1.55
21.3000,0.9806,0.0039,0.0023,0.0000,0.0091,81.10,0.77,0.13,0.00,1.56
21.4000,0.9806,0.0039,0.0023,0.0000,0.0091,73.90,0.77,0.13,0.00,1.57
21.5000,0.9805,0.0039,0.0023,0.0000,0.0091,66.74,0.78,0.13,0.00,1.57
21.6000,0.9806,0.0039,0.0023,0.0000,0.0091,59.61,0.78,0.13,0.00,1.58
21.7000,0.9806,0.0039,0.0023,0.0000,0.0091,52.44,0.78,0.13,0.00,1.59
21.8000,0.9807,0.0039,0.0024,0.0000,0.0092,45.24,0.79,0.14,0.00,1.59
21.9000,0.9807,0.0039,0.0024,0.0000,0.0092,38.07,0.79,0.14,0.00,1.60
22.0000,0.9810,0.0039,0.0024,0.0000,0.0092,30.91,0.79,0.14,0.00,1.61
22.1000,0.9809,0.0039,0.0024,0.0000,0.0092,23.71,0.80,0.14,0.00,1.61
22.2000,0.9806,0.0039,0.0024,0.0000,0.0092,16.48,0.80,0.14,0.00,1.62
22.3000,0.9806,0.0039,0.0024,0.0000,0.0093,9.18,0.80,0.14,0.00,1.63
22.4000,0.9809,0.0039,0.0025,0.0000,0.0093,1.90,0.81,0.14,0.00,1.64
22.5000,0.9816,0.0039,0.0025,0.0000,0.0093,-5.35,0.81,0.14,0.00,1.64
22.6000,0.9823,0.0039,0.0025,0.0000,0.0093,-12.56,0.81,0.14,0.00,1.65
22.7000,0.9827,0.0039,0.0025,0.0000,0.0093,-19.75,0.82,0.14,0.00,1.66
22.8000,0.9826,0.0039,0.0025,0.0000,0.0094,-26.92,0.82,0.14,0.00,1.66
22.9000,0.9824,0.0039,0.0025,0.0000,0.0094,-34.10,0.82,0.15,0.00,1.67
23.0000,0.9823,0.0039,0.0026,0.0000,0.0094,-41.30,0.83,0.15,0.00,1.68
23.1000,0.9822,0.0039,0.0026,0.0000,0.0094,-48.53,0.83,0.15,0.00,1.68
23.2000,0.9821,0.0040,0.0026,0.0000,0.0095,-55.76,0.83,0.15,0.00,1.69
23.3000,0.9818,0.0040,0.0026,0.0000,0.0095,-62.98,0.84,0.15,0.00,1.70
23.4000,0.9820,0.0040,0.0026,0.0000,0.0095,-70.22,0.84,0.15,0.00,1.70
23.5000,0.9826,0.0040,0.0027,0.0000,0.0095,-77.41,0.84,0.15,0.00,1.71
23.6000,0.9836,0.0040,0.0027,0.0000,0.0096,-84.45,0.85,0.15,0.00,1.72
23.7000,0.9870,0.0040,0.0027,0.0000,0.0096,-91.21,0.85,0.15,0.00,1.73
23.8000,0.9948,0.0040,0.0027,0.0000,0.0096,-97.68,0.85,0.16,0.00,1.73
23.9000,1.0011,0.0040,0.0027,0.0000,0.0096,-104.67,0.85,0.16,0.00,1.74
24.0000,0.9963,0.0040,0.0027,0.0000,0.0097,-112.60,0.86,0.16,0.00,1.75
24.1000,0.9913,0.0040,0.0028,0.0000,0.0097,-120.38,0.86,0.16,0.00,1.75
24.2000,0.9883,0.0040,0.0028,0.0000,0.0097,-127.89,0.87,0.16,0.00,1.76
24.3000,0.9866,0.0040,0.0028,0.0000,0.0097,-135.24,0.87,0.16,0.00,1.77
24.4000,0.9858,0.0040,0.0028,0.0000,0.0098,-142.56,0.87,0.16,0.00,1.77
24.5000,0.9852,0.0040,0.0028,0.0000,0.0098,-149.84,0.88,0.16,0.00,1.78
24.6000,0.9848,0.0040,0.0029,0.0000,0.0098,-157.09,0.88,0.16,0.00,1.79
24.7000,0.9847,0.0040,0.0029,0.0000,0.0098,-164.29,0.88,0.17,0.00,1.80
24.8000,0.9849,0.0040,0.0029,0.0000,0.0099,-171.52,0.89,0.17,0.00,1.80
24.9000,0.9850,0.0040,0.0029,0.0000,0.0099,-178.79,0.89,0.17,0.00,1.81
25.0000,0.9852,0.0040,0.0029,0.0000,0.0099,173.94,0.89,0.17,0.00,1.82
25.1000,0.9853,0.0040,0.0030,0.0000,0.0099,166.52,0.90,0.17,0.00,1.82
25.2000,0.9855,0.0040,0.0030,0.0000,0.0100,159.07,0.90,0.17,0.00,1.83
25.3000,0.9850,0.0040,0.0030,0.0000,0.0100,151.74,0.90,0.17,0.00,1.84
25.4000,0.9837,0.0040,0.0030,0.0000,0.0100,144.52,0.91,0.17,0.00,1.85
25.5000,0.9830,0.0040,0.0030,0.0000,0.0101,137.34,0.91,0.17,0.00,1.85
25.6000,0.9826,0.0040,0.0031,0.0000,0.0101,130.28,0.91,0.18,0.00,1.86
25.7000,0.9820,0.0040,0.0031,0.0000,0.0101,123.19,0.92,0.18,0.00,1.87
25.8000,0.9815,0.0040,0.0031,0.0000,0.0101,116.11,0.92,0.18,0.00,1.87
25.9000,0.9809,0.0040,0.0031,0.0000,0.0102,109.02,0.92,0.18,0.00,1.88
26.0000,0.9805,0.0040,0.0032,0.0000,0.0102,101.99,0.93,0.18,0.00,1.89
26.1000,0.9800,0.0040,0.0032,0.0000,0.0102,94.86,0.93,0.18,0.00,1.90
26.2000,0.9795,0.0040,0.0032,0.0000,0.0103,87.73,0.93,0.18,0.00,1.90
26.3000,0.9789,0.0040,0.0032,0.0000,0.0103,80.58,0.94,0.18,0.00,1.91
26.4000,0.9780,0.0040,0.0032,0.0000,0.0103,73.44,0.94,0.19,0.00,1.92
26.5000,0.9772,0.0040,0.0033,0.0000,0.0104,66.28,0.94,0.19,0.00,1.92
26.6000,0.9766,0.0040,0.0033,0.0000,0.0104,59.08,0.95,0.19,0.00,1.93
26.7000,0.9762,0.0040,0.0033,0.0000,0.0104,51.91,0.95,0.19,0.00,1.94
26.8000,0.9761,0.0040,0.0033,0.0000,0.0105,44.73,0.95,0.19,0.00,1.95
26.9000,0.9759,0.0040,0.0034,0.0000,0.0105,37.56,0.96,0.19,0.00,1.95
27.0000,0.9759,0.0040,0.0034,0.0000,0.0105,30.45,0.96,0.19,0.00,1.96
27.1000,0.9764,0.0040,0.0034,0.0000,0.0106,23.26,0.96,0.20,0.00,1.97
27.2000,0.9762,0.0040,0.0034,0.0000,0.0106,16.06,0.97,0.20,0.00,1.97
27.3000,0.9761,0.0040,0.0035,0.0000,0.0106,8.84,0.97,0.20,0.00,1.98
27.4000,0.9762,0.0040,0.0035,0.0000,0.0107,1.58,0.97,0.20,0.00,1.99
27.5000,0.9760,0.0040,0.0035,0.0000,0.0107,-5.72,0.98,0.20,0.00,2.00
27.6000,0.9758,0.0040,0.0035,0.0000,0.0107,-13.08,0.98,0.20,0.00,2.00
27.7000,0.9758,0.0040,0.0035,0.0000,0.0108,-20.43,0.98,0.20,0.00,2.01
27.8000,0.9765,0.0040,0.0036,0.0000,0.0108,-27.77,0.99,0.20,0.00,2.02
27.9000,0.9769,0.0040,0.0036,0.0000,0.0108,-34.99,0.99,0.21,0.00,2.03
28.0000,0.9770,0.0040,0.0036,0.0000,0.0109,-42.23,0.99,0.21,0.00,2.03
28.1000,0.9767,0.0040,0.0036,0.0000,0.0109,-49.51,1.00,0.21,0.00,2.04
28.2000,0.9770,0.0041,0.0037,0.0000,0.0109,-56.77,1.00,0.21,0.00,2.05
28.3000,0.9773,0.0041,0.0037,0.0000,0.0110,-64.03,1.00,0.21,0.00,2.05
28.4000,0.9773,0.0041,0.0037,0.0000,0.0110,-71.26,1.01,0.21,0.00,2.06
28.5000,0.9771,0.0041,0.0037,0.0000,0.0111,-78.50,1.01,0.21,0.00,2.07
28.6000,0.9769,0.0041,0.0038,0.0000,0.0111,-85.79,1.02,0.22,0.00,2.08
28.7000,0.9769,0.0041,0.0038,0.0000,0.0111,-93.12,1.02,0.22,0.00,2.08
28.8000,0.9772,0.0041,0.0038,0.0000,0.0112,-100.51,1.02,0.22,0.00,2.09
28.9000,0.9779,0.0041,0.0039,0.0000,0.0112,-107.81,1.03,0.22,0.00,2.10
29.0000,0.9784,0.0041,0.0039,0.0000,0.0112,-115.08,1.03,0.22,0.00,2.10
29.1000,0.9787,0.0041,0.0039,0.0000,0.0113,-122.29,1.03,0.22,0.00,2.11
29.2000,0.9792,0.0041,0.0039,0.0000,0.0113,-129.50,1.04,0.23,0.00,2.12
29.3000,0.9794,0.0041,0.0040,0.0000,0.0114,-136.78,1.04,0.23,0.00,2.13
29.4000,0.9796,0.0041,0.0040,0.0000,0.0114,-144.00,1.04,0.23,0.00,2.13
29.5000,0.9796,0.0041,0.0040,0.0000,0.0114,-151.21,1.05,0.23,0.00,2.14
29.6000,0.9795,0.0041,0.0040,0.0000,0.0115,-158.44,1.05,0.23,0.00,2.15
29.7000,0.9791,0.0041,0.0041,0.0000,0.0115,-165.66,1.05,0.23,0.00,2.16
29.8000,0.9789,0.0041,0.0041,0.0000,0.0116,-172.88,1.06,0.24,0.00,2.16
29.9000,0.9788,0.0041,0.0041,0.0000,0.0116,179.88,1.06,0.24,0.00,2.17
30.0000,0.9786,0.0041,0.0042,0.0000,0.0117,172.66,1.06,0.24,0.00,2.18
30.1000,0.9788,0.0041,0.0042,0.0000,0.0117,165.51,1.07,0.24,0.00,2.19
30.2000,0.9787,0.0041,0.0042,0.0000,0.0118,158.41,1.07,0.24,0.00,2.19
30.3000,0.9783,0.0041,0.0042,0.0000,0.0118,151.28,1.07,0.24,0.00,2.20
30.4000,0.9780,0.0041,0.0043,0.0000,0.0118,144.11,1.08,0.24,0.00,2.21
30.5000,0.9779,0.0041,0.0043,0.0000,0.0119,136.95,1.08,0.25,0.00,2.22
30.6000,0.9778,0.0041,0.0043,0.0000,0.0119,129.79,1.08,0.25,0.00,2.22
30.7000,0.9772,0.0041,0.0044,0.0000,0.0120,122.68,1.09,0.25,0.00,2.23
30.8000,0.9765,0.0041,0.0044,0.0000,0.0120,115.50,1.09,0.25,0.00,2.24
30.9000,0.9760,0.0041,0.0044,0.0000,0.0121,108.32,1.09,0.25,0.00,2.24
31.0000,0.9761,0.0041,0.0045,0.0000,0.0121,101.17,1.10,0.26,0.00,2.25
31.1000,0.9761,0.0041,0.0045,0.0000,0.0122,94.01,1.10,0.26,0.00,2.26
31.2000,0.9757,0.0041,0.0045,0.0000,0.0122,86.94,1.10,0.26,0.00,2.27
31.3000,0.9749,0.0041,0.0045,0.0000,0.0123,79.78,1.11,0.26,0.00,2.27
31.4000,0.9747,0.0041,0.0046,0.0000,0.0123,72.52,1.11,0.26,0.00,2.28
31.5000,0.9751,0.0041,0.0046,0.0000,0.0124,65.08,1.11,0.26,0.00,2.29
31.6000,0.9747,0.0041,0.0046,0.0000,0.0124,57.66,1.12,0.27,0.00,2.30
31.7000,0.9737,0.0041,0.0047,0.0000,0.0125,50.32,1.12,0.27,0.00,2.30
31.8000,0.9734,0.0041,0.0047,0.0000,0.0125,43.10,1.12,0.27,0.00,2.31
31.9000,0.9731,0.0041,0.0047,0.0000,0.0126,35.93,1.13,0.27,0.00,2.32
32.0000,0.9726,0.0041,0.0048,0.0000,0.0126,28.75,1.13,0.27,0.00,2.33
32.1000,0.9717,0.0041,0.0048,0.0000,0.0127,21.67,1.13,0.28,0.00,2.34
32.2000,0.9721,0.0041,0.0048,0.0000,0.0127,14.59,1.14,0.28,0.00,2.34
32.3000,0.9720,0.0041,0.0049,0.0000,0.0128,7.46,1.14,0.28,0.00,2.35
32.4000,0.9714,0.0041,0.0049,0.0000,0.0128,0.21,1.14,0.28,0.00,2.36
32.5000,0.9709,0.0041,0.0049,0.0000,0.0129,-6.95,1.15,0.28,0.00,2.37
32.6000,0.9710,0.0041,0.0050,0.0000,0.0129,-14.19,1.15,0.29,0.00,2.37
32.7000,0.9716,0.0041,0.0050,0.0000,0.0130,-21.38,1.16,0.29,0.00,2.38
32.8000,0.9715,0.0041,0.0050,0.0000,0.0131,-28.62,1.16,0.29,0.00,2.39
32.9000,0.9716,0.0041,0.0051,0.0000,0.0131,-35.81,1.16,0.29,0.00,2.40
33.0000,0.9720,0.0041,0.0051,0.0000,0.0132,-43.08,1.17,0.29,0.00,2.40

