Time,Sine_Model,Multisine_Model,Synthetic_Data,Synthetic_Fit
0.0,0.0,1.499999999999999,1.3928890590325098,1.5013167341795786
0.005005005005005005,0.0314421909191206,1.4877027032596575,1.5135244028949488,1.5115133430454506
0.01001001001001001,0.06285329004448194,1.473465092761261,1.4912859538317746,1.519737490927487
0.015015015015015015,0.09420223632762625,1.4573075431348794,1.6628462995590052,1.5259775681495298
0.02002002002002002,0.12545803018029603,1.4392532297044573,1.754052758434275,1.5302248559767695
0.025025025025025023,0.15658976412855766,1.4193280941419593,1.512343573721421,1.532473537688442
0.03003003003003003,0.18756665337583714,1.3975608056489768,1.6501713721945317,1.5327207049845746
0.035035035035035036,0.21835806624464546,1.373982717726132,1.5449904038029538,1.5309663597226773
0.04004004004004004,0.2489335544668916,1.3486278205983018,1.5503023184552798,1.5272134109884323
0.04504504504504504,0.27926288329283006,1.3215326893713057,1.471104234515256,1.5214676675124088
0.050050050050050046,0.30931606138886886,1.2927364280031484,1.4788269070801183,1.513737825452874
0.055055055055055056,0.3390633704946752,1.2622806091802594,1.7311292302668697,1.5040354515727912
0.06006006006006006,0.3684753948102499,1.2302092101963351,1.4224407143021807,1.4923749618469473
0.06506506506506507,0.397523050083913,1.1965685449384194,1.5531274201485812,1.4787735955429926
0.07007007007007007,0.42617761237243534,1.161407192091677,1.3722283108273414,1.4632513848279625
0.07507507507507508,0.45441074644487744,1.1247759196809757,1.4478910907544098,1.4458311199594356
0.08008008008008008,0.4821945338020477,1.0867276060738176,1.5434256511712212,1.4265383101279916
0.08508508508508508,0.5095015002838732,1.0473171575753988,1.435732804466971,1.4054011400250859
0.09009009009009009,0.5363046432373824,1.0066014227525681,1.340030775978881,1.3824504222175849
0.09509509509509509,0.5625774582184371,0.9646391036292177,1.400457888833774,1.3577195454173845
0.10010010010010009,0.588293965200805,0.9214906639011504,1.368135827175795,1.3312444187413819
0.10510510510510511,0.6134287342666618,0.8772182343237226,1.247367519430504,1.3030634120637776
0.11011011011011011,0.6379569107531119,0.8318855154305458,1.2190301170730724,1.2732172925692804
0.11511511511511512,0.661854239829868,0.7855576777462341,1.1841207305351122,1.2417491576220314
0.12012012012012012,0.6850970904837809,0.7383012596606041,1.3368057874537225,1.2087043640711896
0.12512512512512514,0.7076624788865045,0.6901840631358656,1.0909429931752652,1.1741304541200133
0.13013013013013014,0.7295280911221885,0.6412750474221489,1.22041261430416,1.1380770778908726
0.13513513513513514,0.7506723052527243,0.5916442209602417,1.2107500227852352,1.1005959128240117
0.14014014014014015,0.7710742126987248,0.5413625316535913,1.0159066382635105,1.061740580053029
0.14514514514514515,0.7907136389150937,0.49050175569450705,0.9441226289975733,1.0215665579048796
0.15015015015015015,0.809571163340744,0.4391343851320404,0.9017803794671415,0.9801310926767708
0.15515515515515516,0.8276281386027312,0.38733351437123137,0.911872313722225,0.9374931068466676
0.16016016016016016,0.8448667089558177,0.3351727257952823,0.689160967296444,0.8937131048780849
0.16516516516516516,0.8612698279392308,0.2827259747037594,0.9413274233249129,0.84885307678357
0.17017017017017017,0.8768212752331536,0.2300674737611057,0.829851824535507,0.8029763996147055
0.17517517517517517,0.8915056726982838,0.17727157715059588,0.6531631240139668,0.7561477370495371
0.18018018018018017,0.9053084995825966,0.12441266462936079,0.6456632873813695,0.7084329372511188
0.18518518518518517,0.918216106880274,0.07156502568025641,0.5914309617472429,0.6598989291733648
0.19019019019019018,0.9302157308286042,0.01880274395614373,0.6085462102071152,0.610613617492504
0.19519519519519518,0.9412955055295031,-0.0338004177883931,0.668278739360028,0.5606457763442811
0.20020020020020018,0.9514444746831766,-0.08617113208377405,0.4819291319434728,0.510064942048542
0.20520520520520522,0.9606526024223211,-0.138236620257717,0.36950857600837095,0.4589413050039959
0.21021021021021022,0.9689107832361495,-0.18992476488181356,0.3442239074007145,0.4073456009367902
0.21521521521521522,0.9762108509744296,-0.24116422096303902,0.17276424545269264,0.35534900168703637
0.22022022022022023,0.9825455869226277,-0.2918845256931029,0.2398313753419653,0.30302300571760465
0.22522522522522523,0.9879087269401781,-0.34201620657117326,0.2981210497376817,0.25043932852933637
0.23023023023023023,0.9922949676548136,-0.3914908877184241,0.13151468904283714,0.19766979316634828
0.23523523523523523,0.9956999717068377,-0.4402413942061253,-0.022582943396093486,0.1447862209942839
0.24024024024024024,0.9981203720381463,-0.4882018542225607,0.1887274569274846,0.09186032293323307
0.24524524524524524,0.9995537752217638,-0.5353077989079634,0.019973776863802223,0.03896359132556804
0.2502502502502503,0.9999987638285974,-0.5814962596908375,-0.1780427886236386,-0.01383280738281556
0.2552552552552553,0.9994548978290693,-0.6267058629635325,-0.32017591050604505,-0.06645813897147551
0.2602602602602603,0.9979227150282433,-0.6708769219397198,0.026297261584396492,-0.11884220661063744
0.2652652652652653,0.9954037305340125,-0.7139515255414757,-0.10021874340139125,-0.1709154546913657
0.2702702702702703,0.9919004352588768,-0.7558736241690109,-0.270037922526705,-0.22260907115243161
0.2752752752752753,0.9874162934567889,-0.7965891122116809,-0.31431166365274965,-0.2738550881389074
0.2802802802802803,0.9819557392975067,-0.8360459071647486,-0.31193054455804786,-0.32458648083108826
0.2852852852852853,0.9755241724818388,-0.874194025222472,-0.48101066939694476,-0.3747372642862327
0.2902902902902903,0.9681279529021188,-0.9109856532243832,-0.44011786301511624,-0.42424258813971333
0.2952952952952953,0.959774394353189,-0.9463752168381776,-0.37588815373413803,-0.473038829016565
0.3003003003003003,0.9504717573001115,-0.9803194448693544,-0.6489268172303317,-0.5210636805090839
0.3053053053053053,0.940229240709759,-1.012777429594698,-0.7045958980413208,-0.568256240580993
0.3103103103103103,0.9290569729543627,-1.0437106830237854,-0.5280987243762697,-0.6145570962638016
0.3153153153153153,0.9169660017960134,-1.073083188999998,-0.63808207341445,-0.659908405516366
0.3203203203203203,0.9039682834620162,-1.1008614510599501,-0.7261166836892192,-0.7042539761241763
0.3253253253253253,0.8900766708219059,-1.127014535977817,-0.927173134366994,-0.7475393415206548
0.3303303303303303,0.8753049006778131,-1.1515141129287523,-0.9789337951185366,-0.7897118334187153
0.3353353353353353,0.8596675801807454,-1.1743344882134035,-0.8378390988719049,-0.8307206511469512
0.34034034034034033,0.8431801723862224,-1.195452635493441,-0.9688640789765859,-0.870516927591071
0.34534534534534533,0.8258589809635433,-1.2148482214960186,-0.8122040870576256,-0.909053791647715
0.35035035035035034,0.8077211340738071,-1.2325036271531618,-0.9278534359890849,-0.946286427104318
0.35535535535535534,0.7887845674326315,-1.2484039641501732,-0.9447907809390453,-0.9821721278653924
0.36036036036036034,0.769068006574317,-1.2625370868653425,-0.8724953385736791,-1.0166703494525016
0.36536536536536535,0.7485909483349906,-1.2748935996914048,-1.1035776574769152,-1.0497427567120354
0.37037037037037035,0.7273736415730488,-1.2854668597374046,-1.092078454101415,-1.081353267672002
0.37537537537537535,0.7054370671459533,-1.294252974917805,-1.1823117799494078,-1.1114680934961163
0.38038038038038036,0.6828029171631891,-1.3012507974438514,-1.2441346231997816,-1.140055774490596
0.38538538538538536,0.6594935735358961,-1.3064619127403356,-1.1653184186738619,-1.1670872121263625
0.39039039039039036,0.6355320858443845,-1.309890623818992,-1.270279899866473,-1.1925356970465342
0.39539539539539537,0.6109421485454231,-1.3115439311477655,-1.1532489016694816,-1.2163769330363587
0.40040040040040037,0.5857480775418397,-1.311431508063141,-1.2443099381487357,-1.2385890569400697
0.40540540540540543,0.5599747861375954,-1.3095656717805617,-1.3238460838412993,-1.2591526545163796
0.41041041041041043,0.5336477604021221,-1.3059613500656986,-1.2345845553443993,-1.278050772231551
0.41541541541541543,0.5067930339682726,-1.3006360436369457,-1.5204189724483306,-1.2952689249962879
0.42042042042042044,0.47943716228880995,-1.2936097843769898,-1.349254664322026,-1.310795099859793
0.42542542542542544,0.451607196376895,-1.2849050894386316,-1.3713993316432096,-1.3246197556814645
0.43043043043043044,0.4233306560565345,-1.2745469113371821,-1.104491595893306,-1.3367358188077882
0.43543543543543545,0.3946355027494407,-1.2625625841287624,-1.4393409975332045,-1.3471386747889154
0.44044044044044045,0.365550111825219,-1.2489817657806033,-1.4333946857678423,-1.3558261561762326
0.44544544544544545,0.33610324454221624,-1.2338363768460519,-1.241294704285966,-1.3627985264490894
0.45045045045045046,0.30632401960678335,-1.2171605355633544,-1.4766776871710257,-1.3680584601253758
0.45545545545545546,0.2762418843790745,-1.198990489503444,-1.3203345168674785,-1.371611019117164
0.46046046046046046,0.24588658575385056,-1.1793645438978695,-1.3267992090699308,-1.3734636253990284
0.46546546546546547,0.21528814074509034,-1.1583229867836713,-1.374500994790331,-1.3736260300627785
0.47047047047047047,0.18447680680349254,-1.1359080111074114,-1.3073269541463872,-1.3721102788383863
0.4754754754754755,0.1534830518962162,-1.1121636339357128,-1.3896476472980592,-1.36893067416676
0.4804804804804805,0.12233752437845731,-1.0871356129245184,-1.3754118397513702,-1.3641037339156412
0.4854854854854855,0.09107102268664109,-1.0608713602038566,-1.3442133823216484,-1.3576481468353385
0.4904904904904905,0.059714464883209896,-1.0334198538391914,-1.3610240001090106,-1.3495847248563257
0.4954954954954955,0.028298858083118276,-1.0048315470344042,-1.3839549234843411,-1.3399363523356695
0.5005005005005005,-0.0031447322077364425,-0.9751582752451343,-1.2462108170858486,-1.3287279323641372
0.5055055055055055,-0.03458521281181766,-0.9444531613745579,-1.284601879670012,-1.315986330250351
0.5105105105105106,-0.06599149362662067,-0.9127705192267247,-1.2898759785497003,-1.3017403143026767
0.5155155155155156,-0.09733251836830262,-0.8801657553952692,-1.230898369253444,-1.2860204940336648
0.5205205205205206,-0.12857729528186893,-0.8466952697677138,-1.3198195013453229,-1.2688592559156184
0.5255255255255256,-0.1596949277875495,-0.8124163548275948,-1.0630293266867503,-1.250290696819448
0.5305305305305306,-0.19065464503306445,-0.7773870939383656,-1.107098842881318,-1.230350555272277
0.5355355355355356,-0.2214258323215593,-0.7416662587943887,-1.1089616616586948,-1.209076140672259
0.5405405405405406,-0.2519780613851252,-0.7053132062253419,-1.3217643747693457,-1.186506260601795
0.5455455455455456,-0.2822811204739715,-0.6683877745410425,-1.2006039846006475,-1.1626811463828517
0.5505505505505506,-0.3123050442314895,-0.6309501796040142,-1.092323590167087,-1.1376423770201929
0.5555555555555556,-0.34202014332566866,-0.5930609108171112,-1.2689083542647732,-1.1114328016802548
0.5605605605605606,-0.3713970338075683,-0.5547806272131323,-0.9369565252117706,-1.0840964608550014
0.5655655655655656,-0.40040666616780385,-0.5161700538326714,-0.9955787026621009,-1.0556785063613865
0.5705705705705706,-0.4290203540623263,-0.47728987857536953,-1.0865095657978827,-1.0262251203280441
0.5755755755755756,-0.4572098026790792,-0.4382006497083619,-1.0312140009848938,-0.9957834333216014
0.5805805805805806,-0.4849471367174877,-0.3989626742139709,-1.059093669986329,-0.9644014417653832
0.5855855855855856,-0.5122049279531141,-0.35963591715662674,-0.974216448370275,-0.9321279248034252
0.5905905905905906,-0.5389562223602165,-0.32027990224661596,-0.8997499402289475,-0.8990123607625823
0.5955955955955956,-0.5651745667653927,-0.2809536137755174,-1.0173703411031956,-0.8651048433650315
0.6006006006006006,-0.5908340350059581,-0.24171540009515952,-0.8501719418249134,-0.8304559978427504
0.6056056056056056,-0.6159092535671795,-0.20262287880857377,-0.7815801926523784,-0.7951168971045484
0.6106106106106106,-0.6403754266730258,-0.1637328438377611,-0.8161353627644753,-0.7591389781048988
0.6156156156156156,-0.664208360805614,-0.1251011745291189,-0.7081895454805767,-0.7225739585622566
0.6206206206206206,-0.6873844886291102,-0.0867827469531417,-0.7237609089098802,-0.6854737541726967
0.6256256256256256,-0.7098808922944283,-0.04883134755045143,-0.7756465136234211,-0.6478903964625768
0.6306306306306306,-0.7316753261016783,-0.01129958927142849,-0.6541701290115196,-0.6098759514215584
0.6356356356356356,-0.7527462384979546,0.025761169648381876,-0.5152590905734976,-0.571482439054673
0.6406406406406406,-0.7730727933887175,0.06230090414023148,-0.5865235248490476,-0.5327617539892249
0.6456456456456456,-0.7926348907416847,0.09827099785021864,-0.5216742488341926,-0.4937655872692079
0.6506506506506506,-0.8114131864628659,0.13362431565795074,-0.4520185793054758,-0.4545453494665243
0.6556556556556556,-0.8293891115250824,0.16831527304638794,-0.4004673038448659,-0.4151520952347037
0.6606606606606606,-0.8465448903300604,0.20229990220966676,-0.3602890070246862,-0.37563644942700347
0.6656656656656657,-0.8628635582859311,0.23553591479214236,-0.20531631520415386,-0.33604853489674547
0.6706706706706707,-0.8783289785827684,0.2679827611585301,-0.24685315448921646,-0.2964379020935047
0.6756756756756757,-0.8929258581495684,0.29960168610182086,-0.34731372408670047,-0.25685346056433644
0.6806806806806807,-0.9066397627768893,0.33035578090259393,-0.16618553343305348,-0.21734341246464284
0.6856856856856857,-0.9194571313902051,0.3602100316604941,-0.3422321465973289,-0.17795518817846967
0.6906906906906907,-0.931365289459854,0.3891313638258539,0.044551505260900015,-0.13873538414308978
0.6956956956956957,-0.9423524615343186,0.4170886828668131,-0.10691267666729745,-0.09972970296764144
0.7007007007007007,-0.9524077828844512,0.44405291101477246,-0.1157049703552921,-0.06098289593033879
0.7057057057057057,-0.9615213102471253,0.4699970200385656,-0.11093423688724857,-0.022538707933393964
0.7107107107107107,-0.9696840316576876,0.49489606000536485,0.08373699429314974,0.015560175010674387
0.7157157157157157,-0.9768878753614926,0.5187271839940669,-0.057027485423890245,0.05327217569328607
0.7207207207207207,-0.9831257177957041,0.541469668734621,0.149970136720964,0.0905568729622365
0.7257257257257257,-0.9883913906334727,0.5631049311545671,0.0901140602141991,0.12737504625573284
0.7307307307307307,-0.9926796868835203,0.5836165408218345,0.17343639128949823,0.16368871736725693
0.7357357357357357,-0.9959863660391043,0.6029902282806769,0.09946280617100148,0.19946118939647323
0.7407407407407407,-0.9983081582712682,0.6212138892853968,0.21954812984570965,0.23465708284725448
0.7457457457457457,-0.9996427676622299,0.6382775849442703,0.3046285782764399,0.26924236883997044
0.7507507507507507,-0.999988874475714,0.6541735377938421,0.2852456918732378,0.30318439941117437
0.7557557557557557,-0.9993461364619809,0.6688961238313991,0.4683431354615146,0.33645193487982983
0.7607607607607607,-0.9977151891962615,0.6824418605410343,0.28915424037998266,0.3690151682652836
0.7657657657657657,-0.9950976454502661,0.6948093909562572,0.3392106699455696,0.4008457467481951
0.7707707707707707,-0.9914960935973849,0.7059994638094842,0.45414388962404645,0.4319167901715902
0.7757757757757757,-0.9869140950531601,0.7160149098260742,0.4627954122156554,0.4622029065852086
0.7807807807807807,-0.9813561807535597,0.7248606142277456,0.6124882267551162,0.49168020484219643
0.7857857857857857,-0.9748278466745344,0.7325434855172527,0.5908756353774071,0.5203263042630112
0.7907907907907907,-0.9673355483972903,0.7390724206230611,0.5408059128643602,0.5481203413872262
0.7957957957957957,-0.9588866947246498,0.74445826648953,0.49335952661526805,0.5750429738395911
0.8008008008008007,-0.9494896403548136,0.7487137782045937,0.6871643080498611,0.6010763813422534
0.8058058058058059,-0.9391536776197676,0.7518535737633285,0.5604552755830657,0.6262042639106223
0.8108108108108109,-0.9278890272965095,0.7538940855719028,0.5823082178035792,0.6504118372756413
0.8158158158158159,-0.9157068285001692,0.7548535088023763,0.7779809187582132,0.6736858255805225
0.8208208208208209,-0.9026191276690338,0.7547517467144857,0.7577728535993777,0.6960144514051042
0.8258258258258259,-0.888638866652356,0.753610353066051,0.7635754364686065,0.7173874231759501
0.8308308308308309,-0.8737798699127286,0.7514524717388537,0.6606437338466352,0.737795920025083
0.8358358358358359,-0.8580568308556874,0.748302773711793,0.7599515378094063,0.7572325741649408
0.8408408408408409,-0.8414852973000504,0.7441873915178594,0.7273292040760919,0.7756914508515834
0.8458458458458459,-0.8240816561033645,0.7391338513258703,0.7355147764787963,0.7931680260124234
0.8508508508508509,-0.805863116957669,0.7331710027920638,0.8592078165575534,0.8096591616189305
0.8558558558558559,-0.7868476953715897,0.7263289468305224,0.8508679600504575,0.8251630788885912
0.8608608608608609,-0.7670541948555989,0.7186389614549444,0.8896491124357838,0.8396793294041038
0.8658658658658659,-0.7465021883280519,0.7101334258475471,0.7502439350364947,0.8532087642413151
0.8708708708708709,-0.7252119987603971,0.7008457428138295,0.9444296720597412,0.8657535012006161
0.8758758758758759,-0.7032046790806841,0.6908102597845746,0.7872113979207102,0.877316890239566
0.8808808808808809,-0.6805019913552525,0.6800621885287889,1.022333072674123,0.8879034772073713
0.8858858858858859,-0.6571263852691884,0.6686375237432284,0.8502707009100707,0.897518965984357
0.8908908908908909,-0.6331009759268216,0.6565729606859143,1.0584083003061977,0.9061701791319453
0.8958958958958959,-0.6084495209942171,0.6439058120222984,0.9317779435841081,0.9138650171607728
0.9009009009009009,-0.5831963972062733,0.6306739240537976,0.945186829304267,0.9206124165264036
0.9059059059059059,-0.5573665762616425,0.6169155924990755,0.8945518831498672,0.9264223064636952
0.9109109109109109,-0.5309856001293205,0.6026694779988034,1.0145983373569327,0.9313055647722948
0.9159159159159159,-0.5040795557913246,0.5879745215146256,1.0119315654535523,0.9352739726667791
0.9209209209209209,-0.4766750494464279,0.5728698597927463,0.9579789062201491,0.9383401688058446
0.9259259259259259,-0.44879918020046244,0.5573947410619043,1.097943975092348,0.9405176026155695
0.9309309309309309,-0.42047951326921434,0.5415884411344888,0.8796925253679125,0.9418204870220993
0.9359359359359359,-0.3917440527203979,0.5254901800782585,0.9345964288484906,0.9422637507091819
0.9409409409409409,-0.3626212137816673,0.5091390396244969,0.8406208699878295,0.9418629900159214
0.9459459459459459,-0.3331397947420577,0.49257388147643,0.6982208372635412,0.9406344205895705
0.950950950950951,-0.3033289484746265,0.4758332666795075,1.0975045945352029,0.938594828907678
0.955955955955956,-0.2732181536084663,0.45895537621252797,1.0075903278517735,0.935761523782921
0.960960960960961,-0.24283718537858734,0.4419779329556847,0.8758594247863196,0.9321522879628104
0.965965965965966,-0.21221608618250784,0.42493812518843793,0.773003439414827,0.9277853299351573
0.970970970970971,-0.18138513587265162,0.4078725317665854,1.0278712642549857,0.922679236048491
0.975975975975976,-0.150374821813937,0.3908170491241689,0.8751399994025737,0.9168529230548099
0.980980980980981,-0.11921580873617336,0.3738068202417466,1.0191225847048628,0.9103255911800028
0.985985985985986,-0.08793890841106189,0.35687616571825365,0.9858235859032232,0.9031166778249367
0.990990990990991,-0.056575049183792726,0.3400585170790811,0.9561516159412186,0.8952458119977463
0.995995995995996,-0.02515524538937595,0.32338635244813946,1.095671967436323,0.8867327695751377
1.001001001001001,0.0062894333160679146,0.3068911347065776,0.7544778333277922,0.8775974294875905
1.006006006006006,0.03772789267871761,0.2906032522555309,0.8713174736196839,0.8678597309202569
1.011011011011011,0.06912904459478524,0.27455196249467567,0.7533471331118875,0.8575396316180524
1.016016016016016,0.10046183785216803,0.2587653381226531,0.701971969320845,0.846657067379964
1.021021021021021,0.13169528883562395,0.24327021635942536,0.7759573734394876,0.8352319128239456
1.026026026026026,0.16279851216509494,0.2280921511845045,0.8750228254249743,0.8232839434999915
1.031031031031031,0.19374075123689763,0.21325536867864398,0.770880901814148,0.8108327994249922
1.0360360360360361,0.22449140863757286,0.19878272555011528,0.992991002097748,0.7978979501088899
1.0410410410410411,0.25502007640031094,0.18469567092003047,0.7421634751172604,0.7844986611374156
1.0460460460460461,0.2852965660740497,0.1710142114344017,0.7127282389624277,0.7706539623723148
1.0510510510510511,0.3152909385755026,0.1577568797637281,0.7288291182498869,0.7563826178255042
1.0560560560560561,0.3449735337945909,0.1449407065438757,0.8240864920159475,0.7417030972590195
1.0610610610610611,0.37431499992401873,0.13258119580491468,0.8491572768566514,0.7266335495579292
1.0660660660660661,0.40328632248398133,0.12069230392737607,0.7899136234073153,0.7111917779186399
1.0710710710710711,0.4318588530132977,0.10928642215813522,0.7547979014062015,0.6953952168901826
1.0760760760760761,0.4600043373986108,0.09837436271080208,0.4508102458795057,0.6792609113011772
1.0810810810810811,0.48769494381363454,0.08796534846814996,0.6156198032149256,0.6628054971002169
1.0860860860860861,0.5149032902408129,0.07806700629672797,0.5773105776838148,0.6460451841324477
1.0910910910910911,0.5416024715481897,0.06868536397640673,0.6797225396510599,0.6289957408700847
1.0960960960960962,0.5677660860947078,0.059824850740217095,0.5102997976016937,0.6116724811095828
1.1011011011011012,0.5933682618376205,0.05148830141247779,0.6594082592618015,0.5940902526431422
1.1061061061061062,0.6183836819162157,0.04367696412585159,0.7392056483468212,0.5762634279071904
1.1111111111111112,0.6427876096865393,0.03639051159069284,0.3843009533474596,0.5582058966054665
1.1161161161161162,0.6665559131823721,0.02962705588280723,0.5637022155281712,0.5399310602993277
1.1211211211211212,0.6896650889782622,0.023383166708597664,0.5905749477675498,0.5214518289529816
1.1261261261261262,0.7120922854310253,0.01765389309949192,0.5598733765331846,0.5027806194163876
1.1311311311311312,0.7338153252767278,0.01243278848059104,0.49921023778618095,0.4839293558237577
1.1361361361361362,0.7548127275607991,0.007711939051639666,0.5800100839047344,0.4649094718808314
1.1411411411411412,0.7750637288796014,0.0034819954116807883,0.38144938546936547,0.4457319150093374
1.1461461461461462,0.7945483039124436,-0.00026779264779611123,0.5722247004758048,0.42640715231250514
1.1511511511511512,0.8132471852237331,-0.0035495382628187855,0.5460090738610288,0.40694517832099514
1.1561561561561562,0.8311418823156933,-0.006376676617883187,0.3471138824197428,0.387355524474148
1.1611611611611612,0.8482146999128022,-0.008763921161809934,0.4442971856377961,0.3676472702872594
1.1661661661661662,0.864448755459865,-0.010727217018301094,0.40216250227811334,0.3478290561514235
1.1711711711711712,0.8798279958164291,-0.012283691696679894,0.05914830140241678,0.3279090977084337
1.1761761761761762,0.8943372131310271,-0.01345160321372571,0.11087484470438433,0.30789520173943896
1.1811811811811812,0.9079620598795461,-0.014250285742747948,0.29793471370072566,0.2877947835023328
1.1861861861861862,0.9206890630528632,-0.01470009291105967,0.3876287032324012,0.2676148854492661
1.1911911911911912,0.9325056374797073,-0.01482233887170481,0.3301902339148521,0.24736219725238315
1.1961961961961962,0.9434000982715812,-0.01463923727984287,0.25702915319951636,0.22704307706264448
1.2012012012012012,0.9533616723774294,-0.014173838308357209,0.2415522731501072,0.2066635739236155
1.2062062062062062,0.9623805092366334,-0.01344996384126343,0.15938650793940587,0.18622945125926582
1.2112112112112112,0.970447690519797,-0.01249214098712699,0.35663363592772196,0.1657462113522672
1.2162162162162162,0.9775552389476863,-0.011325534058086312,0.0387007392600448,0.14521912072681847
1.2212212212212212,0.98369612617961,-0.009975875163195078,0.32142711418752123,0.12465323634783257
1.2262262262262262,0.9888642797634357,-0.00846939356757035,0.24035205446550756,0.10405343254638667
1.2312312312312312,0.9930545891403677,-0.006832743971289294,0.1721840337369619,0.08342442857951679
1.2362362362362362,0.9962629106985543,-0.00509293386422249,0.047589399651618305,0.06277081673089542
1.2412412412412412,0.9984860718705224,-0.003277250114782214,0.003946683705165245,0.0420970908576881
1.2462462462462462,0.9997218742703887,-0.001413184952134272,0.049316242373715444,0.021407675287675752
1.2512512512512513,0.999969095867747,0.00047163849733466425,0.046904655755526894,0.0007069539699913648
1.2562562562562563,0.9992274921960794,0.002349540957657475,-0.19388513719853578,-0.02000070021789602
1.2612612612612613,0.9974977965944997,0.004192861872784021,-0.04017647720661872,-0.040710896104660214
1.2662662662662663,0.9947817194825853,0.005974034235439463,-0.17498370346413453,-0.06141919489892572
1.2712712712712713,0.9910819466690197,0.007665659212972575,-0.2972344718012886,-0.08212108100024057
1.2762762762762763,0.9864021366957147,0.009240580408172362,0.02451893672237246,-0.10281193304465125
1.2812812812812813,0.9807469172200398,0.010671957593812967,-0.2111851541564691,-0.12348699528186569
1.2862862862862863,0.9741218804387364,0.011933339760726316,-0.18499553969801125,-0.14414134938013584
1.2912912912912913,0.9665335775580415,0.012998737320567805,0.008003111420685216,-0.16476988675399806
1.2962962962962963,0.9579895123154889,0.013842693306189702,-0.20429470917698964,-0.18536728150878745
1.3013013013013013,0.9484981335597952,0.014440353414494289,-0.21063330095127492,-0.20592796409436515
1.3063063063063063,0.9380688268961663,0.01476753473902058,-0.1406778450699518,-0.22644609575875035
1.3113113113113113,0.9267119054052854,0.014800793042118149,-0.006822567722755607,-0.2469155438905513
1.3163163163163163,0.914438599445166,0.014517488419537705,-0.3171287064960483,-0.2673298583368372
1.3213213213213213,0.9012610455459449,0.013895849213475558,-0.33699850376833357,-0.2876822487808198
1.3263263263263263,0.8871922744086042,0.012915034033655376,-0.2608705240502555,-0.30796556326117835
1.3313313313313313,0.8722461980194862,0.01155519174983402,-0.18237157910641028,-0.3281722679120723
1.3363363363363363,0.8564375958933457,0.009797519323232196,-0.4153302636689803,-0.3482944279999458
1.3413413413413413,0.8397821004585404,0.0076243173486992,-0.3804995288240985,-0.3683236903301579
1.3463463463463463,0.8222961815988099,0.005019043184092492,-0.35691308851844405,-0.3882512670930925
1.3513513513513513,0.803997130366941,0.0019663615481981533,-0.4504152593403657,-0.40806792121592256
1.3563563563563563,0.7849030418864047,-0.0015478075263994362,-0.3194176573422593,-0.4277639532826184
1.3613613613613613,0.76503279745789,-0.005536243493682147,-0.45285540496686816,-0.4473291900808883
1.3663663663663663,0.7444060458884189,-0.010010382950492724,-0.519304136780023,-0.46675297483082256
1.3713713713713713,0.7230431840615102,-0.014980280245625283,-0.5506009295451098,-0.4860241591459189
1.3763763763763763,0.7009653367675982,-0.020454571132639376,-0.2690253288991531,-0.5051310967729017
1.3813813813813813,0.6781943358146669,-0.026440439551149053,-0.25066851968352283,-0.5240616391523738
1.3863863863863863,0.6547526984397354,-0.03294358761502081,-0.5570361436545762,-0.5428031328379243
1.3913913913913913,0.6306636050425575,-0.03996820887940289,-0.4261333043204054,-0.5613424188066688
1.3963963963963963,0.6059508762635482,-0.04751696495187446,-0.580970660498907,-0.5796658336895428
1.4014014014014013,0.5806389494286068,-0.05559096550620507,-0.523542198717089,-0.5977592129449315
1.4064064064064064,0.5547528543841181,-0.06418975175033603,-0.6031929538059408,-0.6156078959943607
1.4114114114114114,0.5283181887460523,-0.07331128339313614,-0.6719301240609127,-0.6331967333340637
1.4164164164164164,0.5013610925876065,-0.08295192914741772,-0.5063502329636531,-0.6505100956313312
1.4214214214214214,0.4739082225904436,-0.0931064607994711,-0.5064540551024679,-0.6675318848095202
1.4264264264264264,0.4459867256850762,-0.10376805086811824,-0.7299032624860969,-0.684245547120576
1.4314314314314314,0.4176242122064669,-0.11492827386897991,-0.6819604357251953,-0.7006340881989075
1.4364364364364364,0.38884872859138886,-0.12657711119227766,-0.6084050649484992,-0.716680090085371
1.4414414414414414,0.3596887296445368,-0.1387029595951222,-0.9331143583454392,-0.7323657302050828
1.4464464464464464,0.3301730504008376,-0.15129264330182962,-0.5900877357655014,-0.7476728022777399
1.4514514514514514,0.3003308776117511,-0.16433142969843828,-0.8597241045459508,-0.7625827391341313
1.4564564564564564,0.2701917208837825,-0.17780304860020912,-0.8716678383774406,-0.7770766374075166
1.4614614614614614,0.2397853834977361,-0.19168971506355648,-0.8836647657551656,-0.7911352840636493
1.4664664664664664,0.20914193293756897,-0.20597215570657645,-0.7926366214829438,-0.8047391847283427
1.4714714714714714,0.17829167115797728,-0.22062963849509293,-0.7953267596823205,-0.8178685937666634
1.4764764764764764,0.14726510462014222,-0.23564000594399342,-0.775065781653773,-0.8305035460631307
1.4814814814814814,0.11609291412523105,-0.2509797116765744,-0.8371305810998412,-0.8426238904476652
1.4864864864864864,0.08480592447550975,-0.26662386027762625,-0.8792747151761545,-0.854209324707495
1.4914914914914914,0.05343507399305771,-0.2825462503691801,-0.7814071788128835,-0.8652394321208137
1.4964964964964964,0.02201138392622936,-0.2987194208310925,-0.8040740106884354,-0.875693719443686
1.5015015015015014,-0.009434072225895224,-0.31511470008210307,-0.8453227878481467,-0.8855516562775252
1.5065065065065064,-0.04087019944071032,-0.3317022583305768,-1.0574591799838304,-0.8947927157404507
1.5115115115115114,-0.07226591192058601,-0.34845116269789905,-0.88588368267207,-0.9033964163619559
1.5165165165165164,-0.10359016383223858,-0.3653294351114447,-0.9604546528292717,-0.9113423651165804
1.5215215215215214,-0.13481198000658376,-0.38230411285817434,-0.9165687585268252,-0.918610301508779
1.5265265265265264,-0.16590048656871317,-0.39934131168424514,-0.9878635560896876,-0.9251801426177442
1.5315315315315314,-0.19682494146770374,-0.41640629132060564,-0.9396804643782811,-0.9310320290078085
1.5365365365365364,-0.22755476487608098,-0.4334635233093014,-0.9128692077846784,-0.9361463714070257
1.5415415415415414,-0.2580595694288491,-0.4504767610002788,-1.0600568302380668,-0.9405038980537351
1.5465465465465464,-0.28830919027222096,-0.467409111583729,-1.005032006980782,-0.9440857026083304
1.5515515515515514,-0.31827371489230794,-0.4842231100185518,-0.948453939633308,-0.9468732925250816
1.5565565565565564,-0.34792351269428357,-0.5008807947133265,-0.8912189570582985,-0.9488486377766739
1.5615615615615615,-0.37722926430276815,-0.5173437848122565,-0.9222047536147989,-0.9499942198222232
1.5665665665665665,-0.40616199055447094,-0.5335733589348939,-0.9319493992072383,-0.9502930807077997
1.5715715715715715,-0.4346930811543944,-0.549530535215148,-1.0974040663073448,-0.9497288721870376
1.5765765765765765,-0.46279432296729806,-0.5651761524819682,-0.8614111769654599,-0.948285904748139
1.5815815815815815,-0.4904379279164198,-0.5804709524214058,-0.9827165475691817,-0.9459491964326499
1.5865865865865865,-0.517596560461878,-0.595375662557295,-0.9598984471810283,-0.9427045213305778
1.5915915915915915,-0.5442433646315787,-0.6098510798856625,-0.9252042607793267,-0.938538457635941
1.5965965965965965,-0.5703519905779,-0.6238581549962148,-1.008463659665676,-0.9334384351466416
1.6016016016016015,-0.5958966206338965,-0.6373580765127149,-1.0087547306016447,-0.9273927820924529
1.6066066066066067,-0.620851994843244,-0.6503123556829791,-0.8376870090433308,-0.9203907711752677
1.6116116116116117,-0.645193435938694,-0.6626829109483419,-0.9243518012124196,-0.9124226647062343
1.6166166166166167,-0.6688968737443403,-0.674432152321982,-0.7455721055396642,-0.9034797587251134
1.6216216216216217,-0.6919388689775459,-0.6855230654053479,-0.8245957255887997,-0.893554425988301
1.6266266266266267,-0.7142966364270209,-0.6959192948720598,-0.6941290463670252,-0.8826401577131647
1.6316316316316317,-0.7359480674841035,-0.7055852272492388,-0.6738529040477851,-0.870731603967881
1.6366366366366367,-0.756871752004992,-0.7144860728269906,-0.9462704453940117,-0.8578246125977249
1.6416416416416417,-0.7770469994822888,-0.7225879465279954,-0.8629874531622996,-0.8439162665808082
1.6466466466466467,-0.7964538595049296,-0.7298579475706315,-0.872475046574766,-0.8290049197084631
1.6516516516516517,-0.8150731414862619,-0.7362642377609211,-0.5877572905553671,-0.8130902304880264
1.6566566566566567,-0.8328864336407733,-0.741776118250699,-0.8713222661371443,-0.7961731941684841
1.6616616616616617,-0.8498761211906863,-0.7463641046019541,-0.7961897348826693,-0.7782561727924122
1.6666666666666667,-0.8660254037844387,-0.750000000000001,-0.854262933973186,-0.7593429231808109
1.6716716716716717,-0.8813183121098073,-0.7526569664613213,-0.5887375724220647,-0.7394386227609144
1.6766766766766767,-0.8957397236852557,-0.7543095938852853,-0.7125712836874475,-0.7185498931506036
1.6816816816816818,-0.9092753778138881,-0.7549339668026848,-0.7144338490043122,-0.6966848214169279
1.6866866866866868,-0.9219118896852249,-0.7545077286780099,-0.6667895012001016,-0.6738529789302942
1.6916916916916918,-0.9336367636108461,-0.753010143626718,-0.6600905900504538,-0.6500654377400804
1.6966966966966968,-0.9444384053808289,-0.7504221554132607,-0.5676747294205341,-0.6253347844018341
1.7017017017017018,-0.954306133728749,-0.7467264436005224,-0.48422000466014337,-0.5996751311908985
1.7067067067067068,-0.9632301908939127,-0.7419074767263966,-0.49615880757624214,-0.5731021246419499
1.7117117117117118,-0.9712017522703764,-0.7359515623885774,-0.4853333979434219,-0.5456329513589457
1.7167167167167168,-0.9782129351332083,-0.728846894124244,-0.4945693457388495,-0.51728634104506
1.7217217217217218,-0.9842568064333685,-0.7205835949771154,-0.6201246058334682,-0.48808256670730754
1.7267267267267268,-0.9893273896534935,-0.7111537576504302,-0.4406678761366663,-0.45804344199603253
1.7317317317317318,-0.9934196707178107,-0.7005514811506122,-0.5513071451890355,-0.4271923156448282
1.7367367367367368,-0.9965296029503368,-0.6887729038328616,-0.35785649413922477,-0.39555406298203655
1.7417417417417418,-0.9986541110764565,-0.6758162327665286,-0.3425450493880054,-0.36315507449069817
1.7467467467467468,-0.9997910942639261,-0.661681769344938,-0.27523099518559196,-0.33002324139957845
1.7517517517517518,-0.9999394282002937,-0.6463719310712732,-0.39204184693767663,-0.2961879382936957
1.7567567567567568,-0.9990989662046815,-0.6298912694592949,-0.3700588382160562,-0.2616800027387761
1.7617617617617618,-0.9972705393728327,-0.6122464839948281,-0.3100576006576031,-0.2265317119199501
1.7667667667667668,-0.9944559557552776,-0.5934464321113924,-0.24170701094529903,-0.19077675630105026
1.7717717717717718,-0.9906579985694317,-0.5735021351407754,-0.04279471951995095,-0.1544502103169006
1.7767767767767768,-0.985880423447396,-0.5524267802069233,-0.038197680623143535,-0.11758850011707025
1.7817817817817818,-0.9801279547221767,-0.5302357180391422,-0.059943786521199444,-0.08022936838556602
1.7867867867867868,-0.9734062807560028,-0.5069464566883536,-0.08358672005825546,-0.042411836267077146
1.7917917917917918,-0.9657220483153547,-0.4825786511378115,0.06150644753341207,-0.004176162436361097
1.7967967967967968,-0.9570828559982708,-0.45715408880755687,0.02316599230806023,0.03443620064660702
1.8018018018018018,-0.9474972467204297,-0.4306966709596303,0.045965263506466715,0.07338265324713303
1.8068068068068068,-0.9369746992674378,-0.40323239001888467,0.05210329394744183,0.11261949757743989
1.8118118118118118,-0.9255256189216783,-0.37478930283204137,0.0681064724147235,0.15210198966912858
1.8168168168168168,-0.9131613271729836,-0.34539749989537616,0.09084368403158694,0.1917843938303333
1.8218218218218218,-0.8998940505233184,-0.315089070589192,0.3309665241207953,0.2316200396157997
1.8268268268268268,-0.8857369083965294,-0.28389806446485116,0.21253895336005404,0.2715613812325533
1.8318318318318318,-0.8707039001651274,-0.25186044863778556,0.17296420513339916,0.31156005929833214
1.8368368368368369,-0.8548098913069258,-0.21901406134740847,0.3922871484188597,0.3515669648646731
1.8418418418418419,-0.838070598705227,-0.1853985617522621,0.5644636218074198,0.39153230561130775
1.8468468468468469,-0.820502575107088,-0.15105537603604086,0.3830881437387684,0.43140567411352937
1.8518518518518519,-0.8021231927550442,-0.11602763990734505,0.5043387426581016,0.47113611807924344
1.8568568568568569,-0.7829506262084633,-0.08036013758298022,0.6815721186401038,0.510672212447778
1.8618618618618619,-0.7630038343715273,-0.044099237351593934,0.5945994162536111,0.5499621332379268
1.8668668668668669,-0.7423025417456092,-0.007292823821093253,0.48072463042696967,0.5889537330283952
1.8718718718718719,-0.7208672189245859,0.030009773040156174,0.6829647040081448,0.6275946179496589
1.8768768768768769,-0.6987190623523681,0.06775785195199763,0.6524878984783623,0.6658322260623131
1.8818818818818819,-0.6758799733626797,0.10589941733854019,0.8591546578834014,0.7036139069932696
1.8868868868868869,-0.6523725365217913,0.14438125918320088,0.6851714103913362,0.7408870026976653
1.8918918918918919,-0.6282199972956425,0.18314903558863221,0.7660661150098436,0.7775989292110903
1.896896896896897,-0.6034462390634262,0.22214735790198908,0.7349375687742112,0.8136972592537212
1.901901901901902,-0.5780757595003705,0.2613198782607712,0.7144568042086468,0.8491298055451735
1.906906906906907,-0.5521336463530713,0.3006093794095659,0.9104466999237603,0.8838447046863944
1.911911911911912,-0.5256455526313215,0.3399578666332966,0.9716572590287581,0.9177905014626248
1.916916916916917,-0.49863767124099206,0.3793066616482217,0.8848090164194169,0.9509162334195063
1.921921921921922,-0.4711367090830182,0.41859649828782025,0.9577008883113588,0.9831715155626953
1.926926926926927,-0.4431698606441262,0.4577676198168647,1.1848508889112142,1.014506625029874
1.931931931931932,-0.4147647811054069,0.49675987770351576,1.2519349347121038,1.0448725855829584
1.936936936936937,-0.38594955899533,0.5355128316760147,1.0059096714479454,1.0742212517673475
1.941941941941942,-0.3567526884142328,0.5739658508877398,1.0515350111135404,1.1025053925845525
1.946946946946947,-0.3272030408577724,0.6120582160117658,1.1643057581279224,1.1296787745242074
1.951951951951952,-0.2973298366671729,0.6497292220838902,1.3234610451921258,1.1556962438014797
1.956956956956957,-0.26716261613452164,0.6869182819111459,1.231400473815886,1.1805138076461696
1.961961961961962,-0.2367312102916798,0.7235650298612991,1.1897611494213323,1.2040887144904369
1.966966966966967,-0.20606571141169408,0.7596094258475523,1.3040540540015373,1.2263795329028746
1.971971971971972,-0.17519644325187023,0.7949918593218543,1.1077921142052516,1.2473462291179227
1.976976976976977,-0.1441539310679593,0.8296532530896255,1.2304873392272344,1.2669502430110438
1.981981981981982,-0.11296887142907358,0.8635351667585385,1.0913409354761294,1.2851545623718252
1.986986986986987,-0.08167210186320711,0.8965798996341751,1.2744648743617324,1.3019237953292768
1.991991991991992,-0.050294570363366396,0.9287305928758052,1.3193035769601462,1.317224240785892
1.996996996996997,-0.01886730478446703,0.9599313307264568,1.2665816712331215,1.3310239567196693
2.002002002002002,0.012578617838741387,0.9901272406326045,1.2804119616438738,1.343292826216218
2.007007007007007,0.04401210202238226,1.0192645920703143,1.360646523715273,1.3540026210962388
2.012012012012012,0.07540206458240245,1.0472908938966106,1.3295309618379036,1.3631270630071315
2.017017017017017,0.10671746537136002,1.0741549900469847,1.5087438855657431,1.3706418818511659
2.022022022022022,0.13792733797265497,1.0998071534025369,1.3683626991853572,1.3765248714267027
2.027027027027027,0.16900082032184896,1.1241991776531277,1.2927725573336413,1.3807559421631184
2.032032032032032,0.19990718522480475,1.1472844669860816,1.4176493913529993,1.383317170834581
2.037037037037037,0.23061587074244058,1.1690181234335173,1.3384608776187175,1.3841928471425953
2.042042042042042,0.2610965104120889,1.189357031715206,1.4507083509489107,1.3833695170621039
2.047047047047047,0.2913189632755481,1.2082599414179938,1.4384818648664153,1.3808360228511585
2.052052052052052,0.3212533436841449,1.2256875463572505,1.260849615066913,1.3765835396295913
2.057057057057057,0.3508700508513302,1.2416025609705124,1.2270081333893432,1.3706056084376097
2.062062062062062,0.3801397981235967,1.2559697935985312,1.4346993796220413,1.3628981656911205
2.067067067067067,0.40903364194074615,1.2687562165141686,1.2956225192494726,1.353459568956555
2.0720720720720722,0.4375230104569048,1.2799310325651285,1.2266206010069898,1.3422906189740293
2.0770770770770772,0.46557973179395784,1.289465738302352,1.4885415618645184,1.3293945778641012
2.0820820820820822,0.49317606189947527,1.2973341834718457,1.3448527962271737,1.3147771834597743
2.0870870870870872,0.5202847119815786,1.3035126267540635,1.163699977857146,1.2984466597120183
2.0920920920920922,0.5468788754936272,1.3079797876414032,1.390576334215709,1.2804137231238124
2.0970970970970972,0.57293225464202,1.3107168943510812,1.3649430215604776,1.2606915851746094
2.1021021021021022,0.5984190863909271,1.3117077276775297,1.0732935932921588,1.2392959507039856
2.1071071071071072,0.6233141679382171,1.310938660695569,1.1891946533701192,1.216245012230358
2.1121121121121122,0.6475928816373947,1.3083986942327777,1.1256053566953546,1.1915594401877803
2.1171171171171173,0.6712312193409036,1.3040794880369788,1.1892332640393866,1.165262369070957
2.1221221221221223,0.6942058061407224,1.297975387572241,1.1513283389085998,1.1373793794859168
2.1271271271271273,0.7164939234827832,1.2900834463844486,1.2117754464951054,1.1079384761110511
2.1321321321321323,0.7380735316323391,1.280403443985391,1.1094342431342386,1.0769700615805549
2.1371371371371373,0.7589232914680892,1.268937899212089,1.2154444573147427,1.0445069063095238
2.1421421421421423,0.7790225855834916,1.2556920790261192,1.0788956099199587,1.0105841142874619
2.1471471471471473,0.7983515386744064,1.240674002725769,0.9522080885809853,0.9752390848741028
2.1521521521521523,0.8168910371929051,1.2238944415519246,0.8834371208610148,0.9385114706387512
2.1571571571571573,0.8346227482478172,1.2053669136767355,0.8820899914718051,0.9004431312916608
2.1621621621621623,0.8515291377333113,1.1851076745723652,0.8590070304569745,0.8610780837630758
2.1671671671671673,0.8675934876676015,1.1631357027652254,0.8820710129568844,0.8204624484926196
2.1721721721721723,0.8827999127246199,1.1394726809893425,0.9246530380564371,0.7786443919988775
2.1771771771771773,0.8971333759423145,1.1141429727607037,0.9358617968794934,0.7356740658058156
2.1821821821821823,0.9105797035920353,1.0871735944024912,0.7219508265737773,0.6916035418095419
2.1871871871871873,0.9231255991943121,1.058594182559298,0.4198142486734047,0.6464867441756061
2.1921921921921923,0.934758656667151,1.0284369572464203,0.3179864222913477,0.6003793778636248
2.1971971971971973,0.9454673725938635,0.996736680488225,0.6792658841801605,0.5533388538823288
2.2022022022022023,0.955241157598287,0.9635306106075735,0.37329285549418323,0.5054242113844825
2.2072072072072073,0.9640703468161508,0.9288584522359334,0.48840927851386695,0.4566960367171389
2.2122122122122123,0.9719462094522339,0.8927623021215088,0.4805262325824262,0.40721637954859013
2.2172172172172173,0.9788609574138614,0.8552865908202274,0.42833507884572664,0.3570486661990667
2.2222222222222223,0.984807753012208,0.8164780203617523,0.3092618146766631,0.30625761030773163
2.2272272272272273,0.9897807157237835,0.7763854979899152,0.3135274572326804,0.2549091209737705
2.2322322322322323,0.9937749280054242,0.7350600660839777,0.09692010033670549,0.20307020851440083
2.2372372372372373,0.9967864401570343,0.6925548283739573,0.23742270598701137,0.15080888798744801
2.2422422422422423,0.9988122742272691,0.6489248725699128,-0.07693062054623034,0.09819408063066515
2.2472472472472473,0.9998504269583004,0.6042271895314935,-0.029622972739675874,0.045295513374259466
2.2522522522522523,0.9998998717667489,0.5585205891102527,0.07264688925678532,-0.007816383412878491
2.2572572572572573,0.9989605597588275,0.5118656128032275,-0.23458456565553892,-0.06107057977898661
2.2622622622622623,0.9970334197786902,0.46432444336193435,-0.1956392435319911,-0.11439555147962738
2.2672672672672673,0.9941203574899392,0.4159608115064951,-0.20869473673092773,-0.16771938653132995
2.2722722722722724,0.9902242534911985,0.3668398998997078,-0.3143190922419131,-0.22096989285496407
2.2772772772772774,0.9853489604676163,0.31702824454086564,-0.1602605023947179,-0.27407470683249824
2.2822822822822824,0.9794992993811166,0.26659363374374123,-0.39717911108088916,-0.3269614025985304
2.2872872872872874,0.9726810547031601,0.21560500486746081,-0.34090326431576556,-0.379557601886082
2.2922922922922924,0.9649009686947391,0.1641323389731351,-0.3090993872678686,-0.4317910842444027
2.2972972972972974,0.956166734739251,0.11224655358271765,-0.40133247984004006,-0.48358989744534636
2.3023023023023024,0.9464869897348523,0.06001939372008297,-0.6443920417042027,-0.5348824678937985
2.3073073073073074,0.9358713055538118,0.007523321417372386,-0.6976698817857034,-0.5855977108570044
2.3123123123123124,0.9243301795773087,-0.04516859612759111,-0.5399087231637313,-0.6356651403273494
2.3173173173173174,0.911875024315034,-0.0979827995545357,-0.720982412418023,-0.685014978333085
2.3223223223223224,0.8985181561198674,-0.15084535131426313,-0.8142354851836299,-0.7335782635118621
2.3273273273273274,0.8842727830087778,-0.20368205042035276,-0.7219680412639504,-0.7812869587626283
2.3323323323323324,0.8691529916019988,-0.2564185477854927,-0.8235904793718533,-0.8280740577923831
2.3373373373373374,0.8531737331933925,-0.3089804619478204,-0.9109877262213583,-0.8738736903756525
2.3423423423423424,0.8363508089657767,-0.3612934949919498,-1.0075473429669084,-0.9186212261462327
2.3473473473473474,0.8187008543658285,-0.4132835484689521,-0.7979919635362391,-0.962253376742671
2.3523523523523524,0.8002413226540324,-0.4648768391195471,-0.9401663554999182,-1.0047082961313172
2.3573573573573574,0.7809904676459176,-0.5160000142050969,-1.1219597676626896,-1.045925678933424
2.3623623623623624,0.7609673256616676,-0.5665802662516306,-1.2412549951591088,-1.0858468565856778
2.3673673673673674,0.7401916967019434,-0.6165454470131976,-1.2383038701197626,-1.1244148911668492
2.3723723723723724,0.7186841248685379,-0.6658241804621268,-1.0856633689686332,-1.1615746667268023
2.3773773773773774,0.6964658780492224,-0.7143459746155709,-1.0669481721909164,-1.1972729779580007
2.3823823823823824,0.6735589268868664,-0.7620413320096957,-1.2897185126401396,-1.2314586160537757
2.3873873873873874,0.649985923053647,-0.8088418586352362,-1.26622655753191,-1.2640824516021185
2.3923923923923924,0.625770176851806,-0.8546803711509467,-1.2332932621304014,-1.29509751436852
2.3973973973973974,0.6009356341631228,-0.8994910021943848,-1.4927905140833935,-1.32445906982628
2.4024024024024024,0.5755068527698897,-0.9432093036128976,-1.3998426312083758,-1.3521246922981416
2.4074074074074074,0.549508978070807,-0.9857723474413405,-1.342157287015808,-1.3780543345785277
2.4124124124124124,0.5229677182158032,-1.0271188244570202,-1.529130607083733,-1.4022103939114425
2.4174174174174174,0.49590931868439,-1.067189140146587,-1.524545922897324,-1.4245577742051716
2.4224224224224224,0.46836053633266084,-1.1059255079242838,-1.5193444426004716,-1.4450639443711193
2.4274274274274275,0.44034861293461935,-1.143272039445639,-1.3512543424112393,-1.463698992680534
2.4324324324324325,0.4119012482439925,-1.1791748318659658,-1.3198284250404007,-1.4804356770395908
2.4374374374374375,0.3830465726031689,-1.2135820518983216,-1.340437230417686,-1.495249471090141
2.4424424424424425,0.35381311912633967,-1.2464440165312265,-1.5855067799375113,-1.5081186060503977
2.4474474474474475,0.32422979548437164,-1.2777132702723772,-1.5238625596310764,-1.5190241082170994
2.4524524524524525,0.29432585531928224,-1.3073446587906448,-1.2251750828932724,-1.527949832058007
2.4574574574574575,0.2641308693166065,-1.335295398834988,-1.6487448014226396,-1.534882488831052
2.4624624624624625,0.2336746959642524,-1.3615251443155116,-1.4471664616400686,-1.539811670674102
2.4674674674674675,0.20298745202676102,-1.3859960484385678,-1.5178795536148457,-1.5427298701170462
2.4724724724724725,0.1720994827641702,-1.4086728217947688,-1.5494155796570308,-1.5436324949756783
2.4774774774774775,0.14104133192492024,-1.4295227863058724,-1.5337495897897024,-1.5425178785948181
2.4824824824824825,0.10984371154250068,-1.4485159249437556,-1.5232417472440904,-1.539387285416095
2.4874874874874875,0.07853747156567001,-1.465624927142072,-1.311270008822976,-1.53424491185382
2.4924924924924925,0.047153569352305795,-1.4808252298287758,-1.4464826902674177,-1.5270978824704955
2.4974974974974975,0.015723039057040856,-1.4940950540153095,-1.5938498345905314,-1.5179562414516317
2.5025025025025025,-0.01572303905703963,-1.5054154368859904,-1.3534443712933042,-1.506832939387616
2.5075075075075075,-0.047153569352304574,-1.5147702593390513,-1.6592020006326493,-1.4937438153785525
2.5125125125125125,-0.07853747156566879,-1.5221462689386471,-1.5307817573714644,-1.4787075744861042
2.5175175175175175,-0.10984371154249946,-1.527533098245131,-1.4659398882454189,-1.4617457605643873
2.5225225225225225,-0.14104133192491902,-1.5309232784989824,-1.4804559553638892,-1.442882724510067
2.5275275275275275,-0.172099482764169,-1.5323122486417842,-1.3147512175769605,-1.4221455879797587
2.5325325325325325,-0.20298745202675983,-1.5316983596657194,-1.3362548533704575,-1.3995642026306947
2.5375375375375375,-0.2336746959642512,-1.5290828742912104,-1.4381728437341272,-1.3751711049484723
2.5425425425425425,-0.26413086931660534,-1.5244699619802902,-1.3208329164292547,-1.3490014667334091
2.5475475475475475,-0.29432585531928107,-1.517866689301443,-1.3895662356293417,-1.321093041324559
2.5525525525525525,-0.3242297954843688,-1.5092830056695763,-1.1343359622554818,-1.291486105647943
2.5575575575575575,-0.3538131191263385,-1.498731724492756,-1.2052094022311093,-1.2602233981828845
2.5625625625625625,-0.3830465726031661,-1.486228499765249,-1.1541238150130846,-1.2273500529474135
2.5675675675675675,-0.411901248243993,-1.4717917981541473,-1.3442326611790911,-1.1929135296107243
2.5725725725725725,-0.44034861293461824,-1.4554428666345876,-1.0774136896302964,-1.156963539847525
2.5775775775775776,-0.4683605363326613,-1.4372056957361257,-1.130821995594742,-1.1195519700555612
2.5825825825825826,-0.4959093186843889,-1.417106978470353,-1.2916146841869613,-1.0807328005641597
2.5875875875875876,-0.5229677182158006,-1.3951760650170195,-0.9507791305995461,-1.040562021467676
2.5925925925925926,-0.5495089780708059,-1.371444913253265,-0.8850075915099295,-0.9990975452237179
2.5975975975975976,-0.5755068527698887,-1.3459480352174398,-0.8825373336497311,-0.956399116161708
2.6026026026026026,-0.6009356341631232,-1.3187224396058057,-0.8016011105400256,-0.9125282170527332
2.6076076076076076,-0.625770176851805,-1.2898075704071865,-0.941457578823287,-0.8675479728969167
2.6126126126126126,-0.6499859230536447,-1.259245241786873,-0.993692706456899,-0.8215230520892483
2.6176176176176176,-0.6735589268868655,-1.2270795693374585,-0.7874305557484418,-0.7745195651296585
2.6226226226226226,-0.6964658780492202,-1.1933568978202174,-0.6849571386163312,-0.7266049610472696
2.6276276276276276,-0.7186841248685383,-1.1581257255263793,-0.780075477382169,-0.677847921712799
2.6326326326326326,-0.7401916967019425,-1.1214366253932297,-0.79491747372579,-0.628318254216927
2.6376376376376376,-0.7609673256616679,-1.0833421630151694,-0.7001514593300782,-0.5780867814956803
2.6426426426426426,-0.7809904676459168,-1.0438968116949559,-0.5307236413057141,-0.5272252313870784
2.6476476476476476,-0.8002413226540306,-1.0031568646849391,-0.527248726645623,-0.4758061243059707
2.6526526526526526,-0.8187008543658278,-0.9611803447727438,-0.33002941487847887,-0.4239026597264945
2.6576576576576576,-0.8363508089657751,-0.9180269113698587,-0.5728609242440097,-0.371588601663555
2.6626626626626626,-0.8531737331933928,-0.8737577652655223,-0.3049601586253391,-0.3189381633465782
2.6676676676676676,-0.8691529916019981,-0.8284355512119522,-0.2706432468430623,-0.26602589128016746
2.6726726726726726,-0.884272783008778,-0.7821242585100434,-0.19058659817900256,-0.21292654888725643
2.6776776776776776,-0.8985181561198669,-0.7348891197678665,-0.21852244536225557,-0.1597149999312364
2.6826826826826826,-0.9118750243150328,-0.6867965080066751,0.03756217647022053,-0.10646609191367351
2.6876876876876876,-0.9243301795773082,-0.6379138322916998,-0.2449759215784218,-0.05325453964445104
2.6926926926926926,-0.9358713055538114,-0.58830943206685,-0.03572501109587201,-0.00015480918068139227
2.6976976976976976,-0.9464869897348525,-0.538052470374138,0.20099488127356738,0.052758997669938745
2.7027027027027026,-0.9561667347392505,-0.4872128261400932,0.11274544231742631,0.10541325808660876
2.7077077077077076,-0.9649009686947383,-0.43586098571229703,0.3173445161519266,0.15773494202055977
2.7127127127127126,-0.9726810547031599,-0.3840679338299828,0.2397111637072656,0.20965172483626948
2.7177177177177176,-0.979499299381116,-0.3319050442129623,0.3316832207881331,0.2610920986193108
2.7227227227227226,-0.9853489604676164,-0.2794439699530982,0.20865244798791766,0.31198548196386605
2.7277277277277276,-0.9902242534911982,-0.22675653389239048,0.3232065882714962,0.3622623280555363
2.7327327327327327,-0.9941203574899393,-0.1739146191709276,0.38883256485043716,0.411854230868348
2.7377377377377377,-0.9970334197786901,-0.1209900601271709,0.5058181949159745,0.46069402929807457
2.7427427427427427,-0.9989605597588272,-0.06805453373160136,0.4350061732856656,0.5087159090578797
2.7477477477477477,-0.9998998717667489,-0.015179451733299598,0.618542274662329,0.5558555021661711
2.7527527527527527,-0.9998504269583005,0.037564146302992374,0.5401174066888216,0.6020499838609839
2.7577577577577577,-0.9988122742272691,0.09010569889399989,0.8761736114687595,0.6472381667798477
2.7627627627627627,-0.9967864401570344,0.14237522729634766,0.6424412369202868,0.6913605922489
2.7677677677677677,-0.9937749280054242,0.19430343875641065,0.8059167641029443,0.7343596185303569
2.7727727727727727,-0.9897807157237837,0.24582182818464654,0.8182559011842865,0.7761795058827534
2.7777777777777777,-0.9848077530122085,0.2968627780910849,0.7361171762962303,0.8167664982942531
2.7827827827827827,-0.9788609574138616,0.3473596566221894,1.0109750187630482,0.8560689017551231
2.7877877877877877,-0.9719462094522341,0.3972469135433808,0.9655613866157187,0.8940371589418225
2.7927927927927927,-0.9640703468161507,0.44646017401576843,0.9848723415137587,0.9306239201915191
2.7977977977977977,-0.9552411575982873,0.4949363300200216,1.2047882582646818,0.9657841106524374
2.8028028028028027,-0.9454673725938645,0.5426136292852266,1.2267471124880216,0.9994749935024567
2.8078078078078077,-0.9347586566671514,0.589431761585411,1.1625765890857336,1.0316562291352036
2.8128128128128127,-0.9231255991943134,0.6353319422717233,1.0393569244220133,1.0622899302202369
2.8178178178178177,-0.9105797035920358,0.6802569929136895,1.2208568550802188,1.0913407125513221
2.8228228228228227,-0.897133375942315,0.7241514189285135,0.9795278445368834,1.1187757416041313
2.8278278278278277,-0.8827999127246197,0.7669614840833968,1.2784561263832073,1.1445647747326155
2.8328328328328327,-0.867593487667602,0.8086352817616492,1.1854269728046805,1.1686801989408635
2.8378378378378377,-0.8515291377333128,0.8491228028898046,1.3984642141087344,1.19109706417531
2.8428428428428427,-0.8346227482478179,0.8883760004291023,1.2319983331684803,1.2117931120900123
2.8478478478478477,-0.8168910371929068,0.9263488503412883,1.1803903638520348,1.2307488002458622
2.8528528528528527,-0.7983515386744061,0.9629974089453894,1.0542715246932977,1.2479473217127406
2.8578578578578577,-0.7790225855834924,0.9982798665887211,1.2301932454014193,1.263374620051626
2.8628628628628627,-0.7589232914680888,1.0321565975624252,1.3426224334903734,1.2770193996621593
2.8678678678678677,-0.7380735316323399,1.0645902061986683,1.2650226560815636,1.28887313148911
2.8728728728728727,-0.7164939234827853,1.0955455690938227,0.9874481449879985,1.2989300540895938
2.8778778778778777,-0.6942058061407231,1.1249898734089074,1.1933709332913953,1.307187170071051
2.8828828828828827,-0.6712312193409045,1.1528926512059028,1.3618751469302217,1.3136442379181896
2.8878878878878878,-0.6475928816373943,1.179225809785723,1.3523502377004724,1.3183037592352291
2.8928928928928928,-0.6233141679382181,1.2039636580007813,1.1864890088430737,1.3211709614378977
2.8978978978978978,-0.5984190863909296,1.2270829285225764,1.4023869521315369,1.3222537759376802
2.9029029029029028,-0.572932254642021,1.2485627960517363,1.331968297344746,1.3215628118686438
2.9079079079079078,-0.5468788754936298,1.268384891465428,1.1672359353767725,1.3191113254151152
2.9129129129129128,-0.5202847119815796,1.286533311904191,1.2470227506884672,1.3149151848061882
2.9179179179179178,-0.4931760618994764,1.3029946268073829,1.3535495802233446,1.3089928310505154
2.9229229229229228,-0.46557973179395734,1.3177578799137346,1.2388890920077031,1.301365234492433
2.9279279279279278,-0.4375230104569059,1.330814587250433,1.263327401010705,1.2920558472776655
2.932932932932933,-0.40903364194074887,1.3421587311412415,1.236049769963287,1.281090551824003
2.937937937937938,-0.3801397981235978,1.3517867502710599,1.3067220291585027,1.268497605399251
2.942942942942943,-0.35087005085133305,1.3596975258511343,1.20598794068583,1.254307580915565
2.947947947947948,-0.3212533436841444,1.3658923639358023,1.3042709939667445,1.2385533040557195
2.952952952952953,-0.2913189632755493,1.3703749739482622,1.1914235856886206,1.221269786853226
2.957957957957958,-0.26109651041208837,1.3731514434792764,1.3418737342929052,1.202494157854332
2.962962962962963,-0.23061587074244178,1.3742302094289187,1.3071806075112071,1.1822655889956557
2.967967967967968,-0.1999071852248077,1.3736220255677427,1.1190656387614597,1.1606252193369286
2.972972972972973,-0.16900082032185018,1.3713399265995232,1.1427013772586398,1.137616075793552
2.977977977977978,-0.1379273379726562,1.3673991888135828,1.096681852838852,1.1132829910187547
2.982982982982983,-0.10671746537135948,1.3618172874202708,1.1480524991170664,1.0876725185899045
2.987987987987988,-0.07540206458240367,1.3546138506684795,1.124644877124233,1.0608328456580178
2.992992992992993,-0.04401210202238526,1.3458106108492625,1.2581902331528374,1.0328137032236624
2.997997997997998,-0.012578617838742612,1.3354313522945387,1.1285288952237693,1.0036662742063205
3.003003003003003,0.01886730478446403,1.323501856484588,0.8710814809995944,0.9734430994779162
3.008008008008008,0.050294570363365175,1.3100498443824384,0.8866837127037875,0.9421979820343303
3.013013013013013,0.08167210186320413,1.2951049161175459,0.9640581073828274,0.9099858894817423
3.018018018018018,0.11296887142907236,1.278698488145067,0.8661122056738629,0.876862855017202
3.023023023023023,0.14415393106795632,1.2608637280107484,0.7630402736413645,0.842885877085062
3.028028028028028,0.17519644325186554,1.241635486854909,0.6919395096557438,0.8081128178928277
3.033033033033033,0.20606571141169114,1.2210502297921457,0.7218139284192319,0.7726023009716113
3.038038038038038,0.23673121029167687,1.1991459643063123,0.9086484266543344,0.7364136079675194
3.043043043043043,0.2671626161345204,1.1759621668029043,0.6952985610878639,0.6996065748512401
3.048048048048048,0.29732983666717,1.1515397074633578,0.6328959081343714,0.6622414877336733
3.053053053053053,0.3272030408577713,1.1259207735477754,0.8291446139854308,0.624378978475519
3.058058058058058,0.35675268841422997,1.099148791294431,0.46628203220847586,0.5860799202787381
3.063063063063063,0.38594955899532557,1.0712683465657604,0.5919782092286168,0.5474053234471725
3.068068068068068,0.41476478110540577,1.0423251043918496,0.5078830642680413,0.5084162315028291
3.073073073073073,0.44316986064412356,1.0123657275632518,0.4505744980432539,0.4691736178431341
3.078078078078078,0.47113670908301714,0.9814377944255213,0.5047023465914725,0.42973828312288903
3.083083083083083,0.49863767124098946,0.9495897160282921,0.378872580090945,0.39017075354289465
3.088088088088088,0.5256455526313204,0.9168706527815749,0.2798341960935338,0.3505311802248494
3.093093093093093,0.5521336463530687,0.8833304307717956,0.2014039133856741,0.3108792398497848
3.098098098098098,0.578075759500368,0.8490194578894432,0.26126448044549727,0.27127403673426725
3.103103103103103,0.6034462390634252,0.8139886399194192,0.35082310653849036,0.23177400651556213
3.108108108108108,0.6282199972956402,0.7782892967439625,0.21148199245434504,0.1924368216133881
3.113113113113113,0.6523725365217904,0.7419730788066663,0.0016057629351456937,0.1533192986321283
3.118118118118118,0.6758799733626775,0.705091883984418,0.19361185634262573,0.11447730786330385
3.123123123123123,0.6987190623523647,0.6676977750120509,0.06776500444139967,0.0759656850436699
3.128128128128128,0.7208672189245839,0.6298428976023922,-0.18818255367948397,0.03783814551973741
3.133133133133133,0.7423025417456072,0.5915793994017985,-0.1341745675892074,0.00014720096450049347
3.138138138138138,0.7630038343715265,0.5529593499185683,-0.07895472951023375,-0.03705592121299245
3.143143143143143,0.7829506262084615,0.514034661558683,-0.020839448241944503,-0.07372135562999177
3.148148148148148,0.8021231927550434,0.4748570118999812,-0.17724288043007858,-0.10980067373488689
3.153153153153153,0.8205025751070862,0.435477767332574,-0.10528437695326867,-0.14524695553084516
3.158158158158158,0.8380705987052245,0.39594790818943315,-0.14431183077475063,-0.1800148581008858
3.163163163163163,0.8548098913069251,0.35631795548738354,-0.09150825328598022,-0.21406068082316598
3.168168168168168,0.870703900165126,0.3166378993944764,-0.2261194881167777,-0.2473424271719269
3.173173173173173,0.8857369083965289,0.2769571295354411,-0.2328013631346591,-0.2798198630062483
3.178178178178178,0.8998940505233171,0.2373243672425288,-0.3953501436805077,-0.31145457125552556
3.183183183183183,0.913161327172983,0.19778759985418415,-0.30093634106815803,-0.34221000291782044
3.188188188188188,0.9255256189216772,0.15839401715937557,-0.3693211306418297,-0.3720515242942003
3.193193193193193,0.9369746992674368,0.11918995008019506,-0.3675045563347295,-0.4009464603896974
3.198198198198198,0.9474972467204292,0.08022081168035877,-0.5754657943403731,-0.42886413441876586
3.203203203203203,0.9570828559982699,0.04153104058186255,-0.390729429684508,-0.455775903360764
3.2082082082082084,0.9657220483153544,0.003164046866636072,-0.4436107839783357,-0.48165518951857134
3.2132132132132134,0.973406280756003,-0.034837839465400644,-0.3421515587041053,-0.5064775080410543
3.2182182182182184,0.9801279547221765,-0.07243341741622442,-0.37352996633539315,-0.5302204903779739
3.2232232232232234,0.9858804234473961,-0.10958266122752022,-0.5000421155770493,-0.5528639036435932
3.2282282282282284,0.9906579985694317,-0.1462467638821612,-0.7242051462322241,-0.5743896658730806
3.2332332332332334,0.9944559557552778,-0.18238817782112557,-0.5862145728264605,-0.5947818571636998
3.2382382382382384,0.9972705393728327,-0.21797065283331554,-0.4804004010655435,-0.6140267267004357
3.2432432432432434,0.9990989662046814,-0.2529592710819091,-0.6369361201427963,-0.6321126956737346
3.2482482482482484,0.9999394282002937,-0.28732047923671744,-0.8830208809169362,-0.6490303561045574
3.2532532532532534,0.9997910942639262,-0.321022117688112,-0.7352682062414709,-0.6647724655998424
3.2582582582582584,0.9986541110764564,-0.35403344682410237,-0.7128930315732838,-0.679333938069119
3.2632632632632634,0.9965296029503367,-0.386325170358067,-0.7399236469792351,-0.6927118304404712
3.2682682682682684,0.9934196707178108,-0.4178694557008007,-0.6782931893848222,-0.7049053254217079
3.2732732732732734,0.9893273896534934,-0.44863995137628926,-0.5414354670773307,-0.715915710359877
3.2782782782782784,0.9842568064333688,-0.47861180148672466,-0.8249794875032035,-0.7257463522595787
3.2832832832832834,0.9782129351332082,-0.5077616572380952,-0.6698247143961266,-0.7344026690276658
3.2882882882882885,0.9712017522703763,-0.5360676855433444,-0.680440732003274,-0.7418920970188733
3.2932932932932935,0.9632301908939122,-0.5635095747260952,-0.9617401026383732,-0.7482240549638863
3.2982982982982985,0.9543061337287487,-0.5900685373532708,-1.0449324206820498,-0.7534099043677625
3.3033033033033035,0.9444384053808292,-0.6157273102307145,-0.5327915351841733,-0.757462906473446
3.3083083083083085,0.9336367636108459,-0.6404701516012157,-0.7931669738390791,-0.76039817589109
3.3133133133133135,0.9219118896852254,-0.6642828355896468,-0.7893411786875121,-0.7622326310001202
3.3183183183183185,0.9092753778138879,-0.6871526439452408,-0.5989492742497353,-0.7629849412368762
3.3233233233233235,0.8957397236852555,-0.709068355135845,-0.6879965426053618,-0.7626754713861481
3.3283283283283285,0.8813183121098062,-0.7300202308540928,-0.7185138730109447,-0.7613262230004615
3.3333333333333335,0.8660254037844385,-0.75,-0.7894317051709812,-0.7589607730759546
3.3383383383383385,0.849876121190687,-0.7690008402091831,-0.7448078419450482,-0.7556042101187362
3.3433433433433435,0.832886433640773,-0.7870173570001412,-0.742955980659747,-0.7512830677400372
3.3483483483483485,0.8150731414862625,-0.8040455606183632,-0.5334548495353909,-0.7460252559229155
3.3533533533533535,0.7964538595049282,-0.8200828406589961,-0.7739977319419656,-0.7398599901073398
3.3583583583583585,0.7770469994822885,-0.8351279385534978,-0.5895185153179354,-0.732817718244062
3.3633633633633635,0.7568717520049928,-0.8491809180095324,-0.7124977061535943,-0.7249300459713669
3.3683683683683685,0.7359480674841031,-0.862243133496492,-0.7877672749227296,-0.7162296600717358
3.3733733733733735,0.7142966364270217,-0.8743171968723633,-0.5011562193492272,-0.7067502503684051
3.3783783783783785,0.6919388689775454,-0.8854069422505829,-0.7368919381845758,-0.6965264302243019
3.3833833833833835,0.6688968737443399,-0.8955173892081315,-0.8748457828640236,-0.6855936558079864
3.3883883883883885,0.6451934359386923,-0.9046547044387317,-0.7595169523846822,-0.6739881442931818
3.3933933933933935,0.6208519948432436,-0.9128261619571214,-0.7002413773821748,-0.6617467911598915
3.3983983983983985,0.5958966206338989,-0.9200401019625253,-0.6972696679889171,-0.6489070867665144
3.4034034034034035,0.570351990577901,-0.9263058884710117,-0.3923613093730909,-0.6355070323630152
3.4084084084084085,0.5442433646315799,-0.9316338658280914,-0.6880779545199427,-0.621585055715922
3.4134134134134135,0.5175965604618775,-0.9360353142141202,-0.5398542227532426,-0.6071799265161253
3.4184184184184185,0.4904379279164209,-0.9395224042559633,-0.6881676146797824,-0.5923306717401857
3.4234234234234235,0.46279432296729756,-0.9421081508593547,-0.6892662028666804,-0.5770764911356197
3.4284284284284285,0.43469308115439553,-0.9438063663766627,-0.6454207556816397,-0.5614566729996664
3.4334334334334335,0.4061619905544737,-0.9446316132251624,-0.4065424956983732,-0.5455105104200271
3.4384384384384385,0.3772292643027693,-0.9445991560708711,-0.6754744877026967,-0.5292772181445574
3.4434434434434436,0.3479235126942847,-0.9437249136927307,-0.6640782772764149,-0.5127958502452042
3.4484484484484486,0.31827371489230744,-0.9420254106414689,-0.5683462586201957,-0.4961052187392988
3.4534534534534536,0.2883091902722221,-0.939517728806684,-0.41769364089404876,-0.47924381332897437
3.4584584584584586,0.258059569428852,-0.9362194590047264,-0.48035076096401863,-0.4622497224167752
3.4634634634634636,0.22755476487608217,-0.9321486526987172,-0.49087654559846944,-0.4451605555524176
3.4684684684684686,0.19682494146770668,-0.9273237739605926,-0.3905006611587925,-0.42801336746244767
3.4734734734734736,0.16590048656871262,-0.9217636517833228,-0.27082714413369124,-0.41084458381086514
3.4784784784784786,0.13481198000658498,-0.915487432849588,-0.39719867206371784,-0.3936899288348993
3.4834834834834836,0.10359016383223804,-0.9085145348610041,-0.30311023465912434,-0.3765843549959652
3.4884884884884886,0.07226591192058723,-0.9008646005296174,-0.4535054620454212,-0.3595619747813658
3.4934934934934936,0.040870199440713316,-0.8925574523308677,-0.2260088645605648,-0.3426559947876408
3.4984984984984986,0.009434072225896449,-0.8836130481143616,-0.3129534834064146,-0.3258986522114353
3.5035035035035036,-0.022011383926226362,-0.8740514376658831,-0.08228894676474502,-0.30932115386868747
3.5085085085085086,-0.05343507399305826,-0.8638927203108706,-0.3783638713960419,-0.2929536178574139
3.5135135135135136,-0.08480592447550853,-0.8531570036462384,-0.36608315135643377,-0.27682501797376347
3.5185185185185186,-0.1160929141252316,-0.8418643634838993,-0.4129952909105692,-0.260963130985203
3.5235235235235236,-0.14726510462014103,-0.830034805085653,-0.32491520633964843,-0.245394486858593
3.5285285285285286,-0.17829167115797434,-0.8176882257652534,-0.351270281646367,-0.23014432203473112
3.5335335335335336,-0.20914193293756775,-0.804844378929465,-0.24932795206780226,-0.21523653583453406
3.5385385385385386,-0.2397853834977349,-0.7915228396257905,-0.3577850155404636,-0.2006936500754673
3.5435435435435436,-0.270191720883783,-0.7777429716602583,-0.18909012124311064,-0.18653677197011842
3.5485485485485486,-0.3003308776117499,-0.7635238963443128,-0.021628928267037217,-0.17278556037202547
3.5535535535535536,-0.3301730504008348,-0.7488844629252933,-0.1079044760260838,-0.15945819542684203
3.5585585585585586,-0.3596887296445357,-0.7338432207504488,-0.26448371663790154,-0.14657135167994567
3.5635635635635636,-0.3888487285913861,-0.7184183932097078,-0.270905620728229,-0.13414017468439038
3.5685685685685686,-0.4176242122064674,-0.7026278534976496,-0.12205031983535242,-0.12217826114588465
3.5735735735735736,-0.4459867256850751,-0.6864891022303443,-0.18370897119189133,-0.1106976426342342
3.5785785785785786,-0.4739082225904441,-0.6700192469477462,-0.1383041743671128,-0.09970877288327512
3.5835835835835836,-0.5013610925876055,-0.6532349835274851,0.036447923018419315,-0.08922051869403508
3.5885885885885886,-0.5283181887460497,-0.6361525795308366,-0.009517991696792641,-0.07924015444838722
3.5935935935935936,-0.5547528543841171,-0.618787859496722,-0.021207413416186406,-0.0697733602331479
3.5985985985985987,-0.5806389494286044,-0.6011561921945398,-0.03483566302358924,-0.06082422356711642
3.6036036036036037,-0.6059508762635486,-0.5832724798416146,-0.11328371825718563,-0.052395244716215816
3.6086086086086087,-0.6306636050425565,-0.5651511492860914,-0.152413170676013,-0.044487345574612536
3.6136136136136137,-0.6547526984397358,-0.5468061451510272,-0.1484215797775883,-0.03709988208231907
3.6186186186186187,-0.678194335814666,-0.5282509249306151,-0.03591160669602373,-0.030230660142721688
3.6236236236236237,-0.7009653367675961,-0.5094984560243991,-0.24195260676261265,-0.02387595499620812
3.6286286286286287,-0.7230431840615095,-0.49056121469063646,0.04906559138792761,-0.018030533999156856
3.6336336336336337,-0.7444060458884181,-0.4714511868950827,-0.024584895709822988,-0.01268768275058238
3.6386386386386387,-0.7650327974578903,-0.4521798710267334,-0.09999598491023072,-0.00783923450191118
3.6436436436436437,-0.7849030418864039,-0.4327582824475229,-0.029123352050552106,-0.0034756027787780086
3.6486486486486487,-0.8039971303669392,-0.4131969598383314,0.013301049459145356,0.00041418286286004635
3.6536536536536537,-0.8222961815988092,-0.3935059732992765,0.061114155185869,0.0038424380302714833
3.6586586586586587,-0.8397821004585387,-0.3736949341579331,0.07834723630174366,0.006822781727366306
3.6636636636636637,-0.856437595893346,-0.3537730064348965,-0.07283268677964416,0.009370091724170193
3.6686686686686687,-0.8722461980194857,-0.3337489199120998,0.03906745377907786,0.011500457164253658
3.6736736736736737,-0.8871922744086044,-0.31363098474528994,0.12205645403644441,0.013231128517773777
3.6786786786786787,-0.9012610455459444,-0.29342710755839274,-0.11570317605528416,0.014580464992903247
3.6836836836836837,-0.9144385994451648,-0.27314480895374915,-0.053021054420976946,0.015567879523796097
3.6886886886886887,-0.9267119054052849,-0.2527912423689291,-0.001919744139675824,0.016213781457947413
3.6936936936936937,-0.9380688268961652,-0.23237321420737855,0.15392597277055775,0.01653951707053053
3.6986986986986987,-0.9484981335597953,-0.21189720516716742,0.09778872442880511,0.016567308037656617
3.7037037037037037,-0.9579895123154886,-0.19136939268921221,0.051306026789504994,0.016320188004609437
3.7087087087087087,-0.9665335775580416,-0.17079567444350208,-0.019156354363094583,0.015821937388970156
3.7137137137137137,-0.9741218804387362,-0.15018169276954357,-0.07220090363263972,0.015097016562003213
3.7187187187187187,-0.9807469172200393,-0.12953285998473907,-0.011790861494949869,0.014170497555131181
3.7237237237237237,-0.9864021366957145,-0.10885438447245135,-0.061641541347277624,0.013067994441049904
3.7287287287287287,-0.9910819466690194,-0.08815129745955755,0.01744599655722283,0.011815592541872866
3.7337337337337337,-0.9947817194825853,-0.06742848039163174,0.08126761291380974,0.0104397766190363
3.7387387387387387,-0.9974977965944997,-0.046690692812524484,0.04783292937961961,0.008967358201615448
3.7437437437437437,-0.9992274921960793,-0.02594260065372888,0.019553926974833474,0.007425402211588317
3.7487487487487487,-0.9999690958677468,-0.0051888048382041675,-0.24272097667010933,0.005841153045852694
3.7537537537537538,-0.9997218742703887,0.015566129897733722,-0.09194977367215462,0.004241960276020343
3.7587587587587588,-0.9984860718705224,0.036317646061190825,-0.04768347288066241,0.0026552041276495034
3.7637637637637638,-0.9962629106985545,0.05706116443512046,0.18950302504838507,0.0011082209010742326
3.7687687687687688,-0.9930545891403676,0.07779205518366314,-0.160831573461754,-0.00037177150384032354
3.7737737737737738,-0.9888642797634358,0.09850560912721557,0.10917884521472296,-0.0017577477971277566
3.7787787787787788,-0.9836961261796106,0.11919700928385862,0.050454978633433484,-0.0030229490806533213
3.7837837837837838,-0.9775552389476863,0.1398613027729906,0.09561870759068515,-0.004140956042052127
3.7887887887887888,-0.9704476905197974,0.1604933731762065,0.14984034129764168,-0.005085761401241937
3.793793793793794,-0.9623805092366334,0.18108791344935682,-0.0075555174197707246,-0.005831841451487324
3.798798798798799,-0.9533616723774297,0.2016393994783623,-0.04957949429181132,-0.006354226539053057
3.803803803803804,-0.943400098271581,0.22214206436982228,0.006596558977106572,-0.006628570327449096
3.808808808808809,-0.9325056374797077,0.2425898735656889,-0.08221888100823849,-0.006631217694833477
3.813813813813814,-0.920689063052864,0.2629765008693179,-0.04961828045787863,-0.006339271115788331
3.818818818818819,-0.9079620598795464,0.28329530546788645,-0.026291408686848726,-0.005730655381928407
3.823823823823824,-0.8943372131310281,0.3035393100339039,0.030585789109666195,-0.004784180519006476
3.828828828828829,-0.8798279958164293,0.323701179985878,0.07392220713970402,-0.0034796027618340386
3.833833833833834,-0.8644487554598657,0.34377320398527433,0.20444380317219624,-0.0017976834524242313
3.838838838838839,-0.8482146999128038,0.3637472757441345,-0.12115363892632294,0.00027975426926529767
3.843843843843844,-0.8311418823156941,0.3836148772143029,-0.06315370271199211,0.0027697711079625043
3.848848848848849,-0.8132471852237343,0.40336706322597915,0.12304844070231918,0.005688259710415394
3.853853853853854,-0.7945483039124438,0.4229944476397746,0.07221229530206465,0.009049895333796631
3.858858858858859,-0.7750637288796027,0.44248719107268597,0.0318469931184004,0.012868089196305305
3.863863863863864,-0.7548127275607986,0.4618349902546357,0.035956946148362284,0.017154944615708656
3.868868868868869,-0.7338153252767285,0.4810270690681404,-0.113295750548389,0.021921216035821867
3.873873873873874,-0.7120922854310274,0.5000521713196545,0.08875388329971974,0.02717627103523823
3.878878878878879,-0.6896650889782624,0.5188985552867242,0.055298312698954785,0.03292805540637267
3.883883883883884,-0.6665559131823736,0.5375539900808424,0.10394664435092234,0.039183061386800555
3.888888888888889,-0.6427876096865395,0.5560057538613565,-0.040290684124442935,0.04594629911845871
3.893893893893894,-0.6183836819162167,0.5742406339311185,0.02729993675354249,0.05322127140360605
3.898898898898899,-0.59336826183762,0.5922449287400444,-0.0141244490116091,0.06100995181991131
3.903903903903904,-0.5677660860947088,0.6100044518178243,0.11581667649537981,0.06931276625005567
3.908908908908909,-0.5416024715481923,0.6275045376523172,0.2984873176824808,0.0781285778743892
3.913913913913914,-0.5149032902408132,0.6447300495252248,-0.19696967937915444,0.0874546756680647
3.918918918918919,-0.4876949438136364,0.6616653893116995,-0.013056786203029441,0.09728676643696998
3.923923923923924,-0.4600043373986111,0.6782945092456265,0.020582994504744878,0.10761897041955198
3.928928928928929,-0.4318588530132988,0.6946009256472376,-0.07407512733329372,0.11844382047430446
3.933933933933934,-0.40328632248398405,0.7105677346047973,0.1321512471139945,0.129752264865452
3.938938938938939,-0.37431499992401984,0.7261776295970099,0.2283585088301897,0.14153367365189212
3.943943943943944,-0.3449735337945929,0.7414129210378381,0.03613732851270976,0.15377584867715682
3.948948948948949,-0.31529093857550294,0.756255557720428,0.14365902223266458,0.16646503715075783
3.953953953953954,-0.28529656607405174,0.7706871501318429,0.1539019943717612,0.17958594880384793
3.958958958958959,-0.25502007640031044,0.784688995605459,0.2712242452321001,0.19312177659487467
3.963963963963964,-0.22449140863757405,0.7982421052729238,0.27281710281262544,0.20705422093349318
3.968968968968969,-0.19374075123690057,0.8113272327728638,0.24079709439918032,0.22136351738383492
3.973973973973974,-0.16279851216509528,0.8239249046687247,0.37672431856874833,0.23602846780097075
3.978978978978979,-0.13169528883562606,0.8360154525235315,0.14005692787473367,0.25102647484734303
3.983983983983984,-0.10046183785216836,0.8475790465747883,0.35655823888079236,0.26633357982891614
3.988988988988989,-0.06912904459478646,0.8585957309482765,0.27911046869047845,0.28192450378388734
3.993993993993994,-0.03772789267871706,0.8690454603452199,0.34313810097916253,0.2977726917500335
3.998998998998999,-0.006289433316069139,0.878908138133034,0.3411352452990122,0.3138503601301163
4.004004004004004,0.025155245389376503,0.8881636557658414,0.2761195298869546,0.3301285470683046
4.009009009009009,0.05657504918379505,0.8967919334569865,0.23957100548059246,0.34657716574418973
4.014014014014014,0.08793890841106244,0.9047729620220424,0.316888282064818,0.36316506048490765
4.019019019019019,0.11921580873617303,0.9120868458071346,0.37628695931031325,0.37986006558981505
4.024024024024024,0.1503748218139384,0.9187138466140256,0.4081942983593967,0.3966290667564755
4.029029029029029,0.1813851358726513,0.9246344285301247,0.3877218737136568,0.4134380649911465
4.034034034034034,0.21221608618251012,0.9298293035684688,0.4876768250475443,0.43025224288158465
4.039039039039039,0.2428371853785879,0.9342794780199382,0.4675581132386297,0.4470360331049704
4.044044044044044,0.2732181536084686,0.9379662994171706,0.48881096851801276,0.46375318903879426
4.049049049049049,0.3033289484746279,0.9408715040072686,0.5596257901973942,0.48036685733805584
4.054054054054054,0.33313979474205735,0.9429772646280642,0.6076436768277336,0.4968396523376825
4.059059059059059,0.3626212137816686,0.9442662388807341,0.5896428340876083,0.5131337321351017
4.064064064064064,0.39174405272039764,0.944721617489679,0.5574666452781887,0.5292108762040539
4.069069069069069,0.42047951326921645,0.9443271727390279,0.5910729067183843,0.5450325643872128
4.074074074074074,0.44879918020046294,0.9430673068738273,0.24122938736396365,0.5605600571120668
4.079079079079079,0.47667504944642686,0.9409271003527456,0.5634531637247644,0.5757544766714943
4.084084084084084,0.5040795557913258,0.9378923598383898,0.5583015602262993,0.5905768894079165
4.089089089089089,0.5309856001293202,0.9339496658106482,0.6657833004078868,0.6049883886376927
4.094094094094094,0.5573665762616438,0.9290864196880233,0.6729677533861685,0.6189501781502783
4.099099099099099,0.5831963972062737,0.923290890341978,0.5507203127884636,0.6324236561152041
4.104104104104104,0.608449520994219,0.9165522598892244,0.5167814199221262,0.6453704992284779
4.109109109109109,0.633100975926822,0.9088606686474422,0.6590644961029103,0.6577527469291112
4.114114114114114,0.6571263852691881,0.9002072591404248,0.6201701057037156,0.6695328855156787
4.119119119119119,0.6805019913552535,0.8905842190395861,0.7349679002771831,0.6806739319926449
4.124124124124124,0.7032046790806838,0.8799848229298757,0.7325972257792985,0.6911395174760725
4.129129129129129,0.7252119987603987,0.868403472789523,0.6264963656532818,0.7008939699886356
4.134134134134134,0.7465021883280524,0.8558357370747015,0.6582989752362836,0.7099023964747223
4.1391391391391394,0.7670541948556003,0.8422783883019597,0.8432640991136806,0.7181307638670813
4.1441441441441444,0.7868476953715906,0.8277294390236309,0.8294218151004048,0.7255459790381807
4.1491491491491495,0.8058631169576689,0.8121881760934394,0.8299303576841939,0.732115967470706
4.1541541541541545,0.8240816561033653,0.7956551931224451,0.8559409305435635,0.7378097504839845
4.1591591591591595,0.8414852973000502,0.7781324210281343,0.7840396237043203,0.7425975208551294
4.1641641641641645,0.8580568308556886,0.7596231565824715,0.7757421410828848,0.7464507166764462
4.1691691691691695,0.8737798699127288,0.7401320888681723,0.8175091868543901,0.7493420932936851
4.1741741741741745,0.8886388666523555,0.7196653235557748,0.6996639511415201,0.7512457931726954
4.1791791791791795,0.9026191276690345,0.6982304049179081,0.751914863826178,0.7521374135458626
4.1841841841841845,0.9157068285001689,0.6758363355010037,0.744520194517251,0.7519940716934518
4.1891891891891895,0.9278890272965099,0.6524935933787921,0.8638571244958283,0.750794467718978
4.1941941941941945,0.9391536776197678,0.6282141469163139,0.740289595498941,0.7485189446824316
4.1991991991991995,0.9494896403548141,0.6030114669774397,0.8161887434968847,0.7451495459595893
4.2042042042042045,0.9588866947246499,0.5769005365138321,0.6851409364031921,0.7406700697007893
4.2092092092092095,0.96733554839729,0.5498978574777607,0.7670403816045621,0.7350661202676385
4.2142142142142145,0.9748278466745345,0.5220214550064527,0.6531104115055131,0.7283251565316633
4.2192192192192195,0.9813561807535595,0.4932908788305499,0.5335221569932374,0.7204365369246114
4.2242242242242245,0.9869140950531603,0.4637272018645433,0.7809310868489526,0.7113915611358536
4.2292292292292295,0.9914960935973848,0.4333530159425566,0.7185444784288821,0.7011835083588136
4.2342342342342345,0.9950976454502662,0.40219242466807453,0.6555469421582709,0.6898076719942722
4.2392392392392395,0.9977151891962616,0.370271033352087,0.6056686517038822,0.6772613907253128
4.2442442442442445,0.9993461364619809,0.3376159360195593,0.6256231612987526,0.6635440758850327
4.2492492492492495,0.999988874475714,0.304255699470078,0.6229007727509219,0.6486572350453588
4.2542542542542545,0.9996427676622299,0.27022034438427345,0.684592539725108,0.6326044917619947
4.2592592592592595,0.9983081582712681,0.2355413234734727,0.6560355014836555,0.6153916014179477
4.2642642642642645,0.9959863660391043,0.20025149667613587,0.5841141084089359,0.5970264631152699
4.2692692692692695,0.9926796868835204,0.16438510341041476,0.632801505838438,0.5775191275720175
4.2742742742742745,0.9883913906334727,0.12797773189832864,0.5885385798433661,0.5568818009890336
4.2792792792792795,0.9831257177957043,0.09106628558298771,0.38790055703611304,0.5351288448587106
4.2842842842842845,0.9768878753614922,0.05368894666630436,0.3555039910249391,0.5122767716954242
4.2892892892892895,0.9696840316576877,0.015885136800722066,0.5632822233579395,0.488344236675327
4.2942942942942945,0.961521310247125,-0.02230452502568836,0.5539437645895862,0.4633520251805917
4.2992992992992995,0.9524077828844513,-0.060838267365257714,0.3243529117147899,0.4373230362513135
4.3043043043043046,0.942352461534319,-0.09967321389672384,0.44878820094439825,0.41028226195578016
4.3093093093093096,0.9313652894598539,-0.13876543366400418,0.3145633138354163,0.38225676269787384
4.314314314314315,0.9194571313902056,-0.17806999390489353,0.2736045583411617,0.35327563848791416
4.31931931931932,0.9066397627768887,-0.21754101540119697,0.2585626431063473,0.3233699962111284
4.324324324324325,0.8929258581495685,-0.2571317302760842,0.2467447196615452,0.29257291293561
4.32932932932933,0.8783289785827677,-0.29679454215917295,0.11941593845086315,0.2609193953091709
4.334334334334335,0.8628635582859309,-0.33648108863431503,0.3335519185283441,0.22844633510218676
4.33933933933934,0.8465448903300611,-0.37614230588002184,0.3180497644745849,0.19519246096084658
4.344344344344345,0.8293891115250821,-0.4157284954072147,0.09752067399831012,0.1611982864426813
4.34934934934935,0.811413186462866,-0.45518939279418513,-0.09169968633682782,0.12650605441346424
4.354354354354355,0.7926348907416838,-0.49447423831388976,0.11118675110007153,0.09115967789157142
4.35935935935936,0.7730727933887177,-0.533531849343989,0.03489928819855907,0.0552046774330569
4.364364364364365,0.7527462384979557,-0.5723106944458377,-0.04458558119270466,0.018688115157250607
4.36936936936937,0.731675326101678,-0.6107589689942376,0.048719987107962485,-0.018341474480496278
4.374374374374375,0.7098808922944292,-0.6488246722358786,0.02962113435139399,-0.05583415705596351
4.37937937937938,0.6873844886291094,-0.6864556856505833,-0.17923613137277902,-0.09373867356392679
4.384384384384385,0.6642083608056143,-0.7235998524858178,-0.07163020449539301,-0.13200251870142948
4.38938938938939,0.6403754266730247,-0.7602050583317246,-0.2468712909001393,-0.17057202191549437
4.394394394394395,0.6159092535671795,-0.7962193126006716,-0.18337493359034718,-0.20939243107858935
4.3993993993994,0.5908340350059591,-0.8315908307725823,-0.16441900812076543,-0.2484079986499675
4.404404404404405,0.5651745667653922,-0.8662681172646224,-0.14204090390618065,-0.2875620701758626
4.40940940940941,0.5389562223602171,-0.9002000487814412,-0.20555830948884635,-0.32679717497669936
4.414414414414415,0.5122049279531132,-0.9333359580001782,-0.1801818501073985,-0.36605511886503633
4.41941941941942,0.48494713671748796,-0.9656257174424684,-0.5547463405231927,-0.40527707873359037
4.424424424424425,0.4572098026790775,-0.9970198233842753,-0.4069352518450872,-0.44440369884886854
4.42942942942943,0.4290203540623262,-1.0274694796529769,-0.4472829080381058,-0.48337518868213447
4.434434434434435,0.400406666167805,-1.0569266811602374,-0.7018445648700115,-0.5221314221062356
4.43943943943944,0.3713970338075674,-1.0853442970183982,-0.6613626112872997,-0.5606120377836508
4.444444444444445,0.3420201433256694,-1.1126761530877722,-0.48453068505239316,-0.5987565405684685
4.44944944944945,0.3123050442314882,-1.1388771138020533,-0.6599308596959551,-0.6365044037426244
4.454454454454455,0.28228112047397186,-1.1639031631191696,-0.7547707608287663,-0.6737951719045839
4.45945945945946,0.25197806138512335,-1.1877114844455074,-0.7534464850448142,-0.7105685643270591
4.464464464464465,0.22142583232155877,-1.2102605393819403,-0.7886110326301754,-0.7467645785987893
4.46946946946947,0.19065464503306567,-1.2315101451413608,-0.7155084019617478,-0.7823235943645361
4.474474474474475,0.15969492778754854,-1.251421550488603,-0.8811038505588354,-0.8171864769765813
4.47947947947948,0.12857729528186926,-1.2699575100552858,-0.7164937051144128,-0.8512946808707664
4.484484484484485,0.09733251836830119,-1.2870823568840684,-0.9271511954773598,-0.8845903524800449
4.48948948948949,0.06599149362662056,-1.3027620730589127,-0.752294006840971,-0.9170164324988141
4.494494494494495,0.03458521281181889,-1.3169643582805037,-0.8638032746656918,-0.9485167573120815
4.4994994994995,0.003144732207735891,-1.3296586962487107,-0.9598552445937331,-0.97903615940436
4.504504504504505,-0.028298858083117055,-1.3408164187169636,-0.9262712635557551,-1.008520566564741
4.50950950950951,-0.05971446488321089,-1.3504107670868233,-1.294210524182116,-1.0369170997061676
4.514514514514515,-0.09107102268664032,-1.3584169514144906,-0.8752485061394603,-1.064174169119009
4.51951951951952,-0.12233752437845874,-1.364812206704899,-1.0013628534612244,-1.0902415689814087
4.524524524524525,-0.1534830518962163,-1.3695758463731094,-1.0437697004312347,-1.1150705699516659
4.52952952952953,-0.1844768068034909,-1.3726893127570756,-1.3548170636596364,-1.1386140096707569
4.534534534534535,-0.21528814074509087,-1.374136224570393,-1.0722935030143885,-1.1608263810067019
4.53953953953954,-0.24588658575384936,-1.3739024211884918,-1.0354422855038459,-1.1816639178759336
4.544544544544545,-0.27624188437907543,-1.3719760036667754,-1.4057114382050018,-1.2010846784809492
4.54954954954955,-0.30632401960678307,-1.3683473723944293,-1.187612905083676,-1.2190486258077298
4.554554554554555,-0.3361032445422176,-1.363009261293107,-1.1588450324968782,-1.23551770523106
4.55955955955956,-0.3655501118252191,-1.3559567684753893,-1.2050301818605866,-1.2504559190806055
4.564564564564565,-0.39463550274943954,-1.3471873832837158,-1.3194026144534299,-1.2638293980259578
4.56956956956957,-0.423330656056535,-1.3367010096365262,-1.3531981187142994,-1.2756064691440074
4.574574574574575,-0.4516071963768943,-1.3244999856146038,-1.23617648536846,-1.2857577205378958
4.57957957957958,-0.47943716228881084,-1.3105890992268612,-1.3661950222069938,-1.294256062382523
4.584584584584585,-0.5067930339682722,-1.2949756003014077,-1.3617118360126663,-1.3010767842779403
4.58958958958959,-0.5336477604021208,-1.2776692084543175,-1.3418502400026484,-1.3061976087980447
4.594594594594595,-0.5599747861375955,-1.2586821170952562,-1.2519440478329953,-1.3095987411289185
4.5995995995996,-0.5857480775418383,-1.2380289934360669,-1.4337622785283766,-1.311262914697642
4.604604604604605,-0.6109421485454235,-1.2157269744752375,-1.2815990180557348,-1.31117543269957
4.60960960960961,-0.6355320858443835,-1.1917956589383707,-1.398513971522318,-1.309324205439182
4.614614614614615,-0.6594935735358969,-1.1662570951617834,-1.217308620057004,-1.3056997834068602
4.61961961961962,-0.6828029171631889,-1.1391357649135838,-1.2897757976849789,-1.3002953860215556
4.624624624624625,-0.7054370671459519,-1.1104585631537371,-1.2028171995028074,-1.293106925976765
4.62962962962963,-0.727373641573049,-1.0802547737420032,-1.2450113496858866,-1.2841330291350639
4.634634634634635,-0.7485909483349898,-1.048556041109745,-1.3084488948711002,-1.2733750499242722
4.63963963963964,-0.7690680065743173,-1.0153963379189468,-1.211099320705215,-1.2608370821961965
4.644644644644645,-0.788784567432631,-0.9808119287391284,-1.1404384596862789,-1.246525965517008
4.64964964964965,-0.8077211340738076,-0.944841329779876,-1.0855388446506704,-1.2304512868662834
4.654654654654655,-0.825858980963543,-0.907525264724151,-1.206110284625117,-1.212625377729992
4.65965965965966,-0.8431801723862214,-0.8689066167144943,-1.2289618054896512,-1.1930633065806915
4.664664664664665,-0.8596675801807454,-0.8290303765514704,-1.0658772751129961,-1.171782866746598
4.66966966966967,-0.8753049006778124,-0.7879435871706248,-1.1981124231751887,-1.148804559679228
4.674674674674675,-0.8900766708219063,-0.7456952844711855,-1.0538878849841884,-1.1241515736374985
4.67967967967968,-0.9039682834620159,-0.7023364345765832,-0.9571102644824385,-1.0978497578144677
4.684684684684685,-0.9169660017960125,-0.6579198676134728,-1.0753917672034357,-1.0699275919408018
4.68968968968969,-0.9290569729543627,-0.6125002081026626,-1.07592966851504,-1.0404161514072863
4.694694694694695,-0.9402292407097584,-0.5661338020616495,-1.0617401446621084,-1.0093490679566235
4.6996996996997,-0.9504717573001117,-0.5188786409247648,-0.8092651401222777,-0.9767624860026233
4.704704704704705,-0.9597743943531888,-0.47079428239316956,-1.0298616518574857,-0.9426950146428166
4.70970970970971,-0.9681279529021191,-0.42194176833262687,-1.038264898552791,-0.9071876754380873
4.714714714714715,-0.9755241724818385,-0.37238353984300643,-1.0095471831744043,-0.8702838460405806
4.71971971971972,-0.9819557392975062,-0.32218334962874356,-1.1309503664257197,-0.8320291997585254
4.724724724724725,-0.9874162934567889,-0.27140617180499316,-0.8604363431208937,-0.7924716411538801
4.72972972972973,-0.9919004352588767,-0.2201181092792715,-0.7643910884065469,-0.7516612377758775
4.734734734734735,-0.9954037305340127,-0.1683862988531427,-0.6949405937408706,-0.7096501481403266
4.73973973973974,-0.9979227150282431,-0.11627881419333641,-0.7409987407593441,-0.6664925460714836
4.744744744744745,-0.9994548978290694,-0.06386456682583258,-0.7154066902474414,-0.6222445415295327
4.74974974974975,-0.9999987638285974,-0.011213205310772523,-0.7498642709056689,-0.576964098053355
4.754754754754755,-0.9995537752217639,0.041604987240308366,-0.5517064786910496,-0.530710946954009
4.75975975975976,-0.9981203720381463,0.09451919713966345,-0.4894754354551384,-0.4835464984004634
4.764764764764765,-0.9956999717068378,0.14745818542254385,-0.5195341899164343,-0.4355337495445219
4.76976976976977,-0.9922949676548136,0.20035039429900564,-0.3326426612376274,-0.3867371898372736
4.774774774774775,-0.9879087269401782,0.2531240545841525,-0.3517536984155697,-0.33722270369444995
4.77977977977978,-0.9825455869226282,0.3057072939303574,-0.30184674853967564,-0.28705747067282333
4.784784784784785,-0.9762108509744296,0.3580282456828343,-0.30730709072097107,-0.23630986332428744
4.78978978978979,-0.96891078323615,0.4100151581782334,-0.17895665032659286,-0.18504934289842606
4.794794794794795,-0.960652602422321,0.46159650430451576,-0.09450729208530019,-0.13334635306821213
4.7997997997998,-0.951444474683177,0.5127010911391111,-0.08774804996889547,-0.08127221185718095
4.804804804804805,-0.941295505529503,0.5632581694817653,-0.029389260898283618,-0.028899001949467262
4.80980980980981,-0.9302157308286045,0.6131975430978003,0.006455760874571864,0.023700540432758432
4.814814814814815,-0.9182161068802749,0.662449677487577,0.10367317572843443,0.07645313789754127
4.81981981981982,-0.9053084995825967,0.7109458079979731,0.03733898883463575,0.12928508530772426
4.824824824824825,-0.8915056726982846,0.7586180470922846,0.2461617138753401,0.1821223640706714
4.82982982982983,-0.8768212752331533,0.8053994905958961,0.039501950659851126,0.23489075710045182
4.834834834834835,-0.8612698279392313,0.8512243227360167,0.2637052631197147,0.28751596425829845
4.83983983983984,-0.8448667089558174,0.8960279197955734,0.3494878837621656,0.33992371807662053
4.844844844844845,-0.8276281386027315,0.9397469522029478,0.40120467592550013,0.39203989957098107
4.84984984984985,-0.8095711633407452,0.9823194848815964,0.4010223861084723,0.44379065394452333
4.854854854854855,-0.7907136389150938,1.0236850756859195,0.5749285872332992,0.49510250598929284
4.85985985985986,-0.7710742126987257,1.063784871752665,0.6480914341337607,0.545902474989509
4.864864864864865,-0.7506723052527241,1.1025617036002278,0.48362817617076803,0.5961181889327193
4.86986986986987,-0.7295280911221892,1.139960176811566,0.5658104651255034,0.6456779978358494
4.874874874874875,-0.7076624788865062,1.1759267611403108,0.7120705380474641,0.694511085994835
4.87987987987988,-0.6850970904837812,1.210409876883559,0.5754944316556732,0.7425475829683496
4.884884884884885,-0.6618542398298696,1.2433599783691494,0.6981123011349686,0.789718673108324
4.88988988988989,-0.6379569107531119,1.2747296344099488,0.9044463169512129,0.8359567034526134
4.894894894894895,-0.613428734266663,1.3044736055823372,0.8381373078875802,0.8811952897979303
4.8998998998999,-0.5882939652008047,1.3325489181914187,0.8535067926976302,0.9253694207744884
4.904904904904905,-0.5625774582184379,1.3589149347907292,0.7982845923637747,0.9684155597471755
4.90990990990991,-0.5363046432373846,1.3835334211299521,0.9894352125819227,1.0102717443720748
4.914914914914915,-0.5095015002838735,1.4063686094099537,1.0234237755387108,1.0508776836411469
4.91991991991992,-0.48219453380204946,1.4273872577306397,1.035895641363133,1.0901748522523662
4.924924924924925,-0.45441074644487733,1.4465587056234068,1.0575239836606132,1.1281065821473808
4.92992992992993,-0.42617761237243657,1.4638549255664721,1.228818279303825,1.1646181510636173
4.934934934934935,-0.39752305008391237,1.4792505703882304,1.1353070580042428,1.1996568679531692
4.93993993993994,-0.3684753948102507,1.4927230164704786,1.2806114636028025,1.2331721551261823
4.944944944944945,-0.3390633704946775,1.5042524026706476,1.2221336893971333,1.2651156269823653
4.94994994994995,-0.30931606138886925,1.5138216648892997,1.260622365338199,1.2954411652001026
4.954954954954955,-0.27926288329283183,1.5214165662165402,1.338515237077842,1.3241049902590505
4.95995995995996,-0.24893355446689147,1.5270257225986053,1.2889708164229623,1.351065729178358
4.964964964964965,-0.21835806624464674,1.5306406239733858,1.201338908360233,1.3762844793594933
4.96996996996997,-0.18756665337583991,1.5322556508315204,1.4397215571569415,1.3997248684293306
4.974974974974975,-0.15658976412855846,1.5318680861674618,1.4437358130299751,1.421353109986298
4.97997997997998,-0.12545803018029833,1.529478122792821,1.465125387979431,1.4411380551594697
4.984984984984985,-0.0942022363276265,1.525088865992324,1.3109330291593575,1.4590512398979651
4.98998998998999,-0.0628532900444837,1.5187063315107023,1.4397758021583202,1.4750669279152584
4.994994994994995,-0.031442190919120316,1.5103394388668894,1.6107620487056244,1.4891621492209002
5.0,-1.2246467991473533e-15,1.5,1.519380819895943,1.501316734179576